10000 1.5942857142857145 1.01010101010101
11000 1.58 1.222222222222222
12000 1.7314285714285713 1.4545454545454546
13000 1.9600000000000002 1.707070707070707
14000 2.1742857142857144 1.9797979797979797
15000 2.34 2.2727272727272725
16000 2.5714285714285716 2.5858585858585856
17000 2.7542857142857144 2.919191919191919
18000 2.9542857142857146 3.2727272727272725
19000 3.197142857142857 3.646464646464646
20000 3.4714285714285715 4.04040404040404
21000 3.971428571428571 4.454545454545454
22000 5.1971428571428575 4.888888888888888
23000 5.531428571428571 5.343434343434343
24000 5.034285714285715 5.818181818181818
25000 5.311428571428571 6.313131313131313
26000 4.982857142857143 6.828282828282828
27000 5.217142857142857 7.363636363636363
28000 5.548571428571429 7.919191919191919
29000 5.757142857142858 8.494949494949495
30000 6.088571428571428 9.09090909090909
31000 6.451428571428572 9.707070707070706
32000 6.677142857142858 10.343434343434343
33000 7.085714285714285 11.0
34000 7.477142857142857 11.676767676767676
35000 7.717142857142857 12.373737373737374
36000 8.034285714285714 13.09090909090909
37000 8.177142857142858 13.828282828282827
38000 8.56 14.585858585858585
39000 8.794285714285714 15.363636363636363
40000 9.128571428571428 16.16161616161616
41000 9.185714285714285 16.97979797979798
42000 9.802857142857142 17.818181818181817
43000 10.197142857142858 18.676767676767675
44000 10.534285714285714 19.555555555555554
45000 10.911428571428571 20.454545454545453
46000 11.168571428571429 21.373737373737374
47000 11.937142857142858 22.31313131313131
48000 12.831428571428571 23.272727272727273
49000 12.622857142857143 24.252525252525253
50000 13.337142857142858 25.252525252525253
51000 15.154285714285715 26.27272727272727
52000 14.585714285714287 27.31313131313131
53000 14.188571428571429 28.373737373737374
54000 14.754285714285714 29.454545454545453
55000 14.945714285714285 30.555555555555554
56000 15.222857142857144 31.676767676767675
57000 15.882857142857144 32.81818181818182
58000 19.405714285714286 33.97979797979798
59000 20.37142857142857 35.16161616161616
60000 17.434285714285714 36.36363636363636
61000 17.417142857142856 37.58585858585858
62000 26.18285714285714 38.82828282828282
63000 35.808571428571426 40.090909090909086
64000 37.60571428571429 41.37373737373737
65000 41.471428571428575 42.676767676767675
66000 37.80857142857143 44.0
67000 37.55714285714286 45.34343434343434
68000 40.214285714285715 46.707070707070706
69000 41.339999999999996 48.090909090909086
70000 38.50571428571429 49.494949494949495
71000 39.53142857142857 50.91919191919192
72000 40.94571428571429 52.36363636363636
73000 40.91428571428572 53.82828282828282
74000 40.25714285714286 55.31313131313131
75000 42.81142857142857 56.81818181818181
76000 42.73428571428572 58.34343434343434
77000 42.40571428571429 59.888888888888886
78000 42.18571428571429 61.45454545454545
79000 47.41142857142857 63.040404040404034
80000 44.614285714285714 64.64646464646464
81000 47.985714285714295 66.27272727272727
82000 34.96857142857143 67.91919191919192
83000 47.25428571428572 69.58585858585859
84000 45.98857142857143 71.27272727272727
85000 41.934285714285714 72.97979797979798
86000 50.254285714285714 74.7070707070707
87000 51.425714285714285 76.45454545454545
88000 50.49428571428571 78.22222222222221
89000 54.808571428571426 80.01010101010101
90000 52.66857142857143 81.81818181818181
91000 47.760000000000005 83.64646464646464
92000 32.75142857142857 85.4949494949495
93000 31.87142857142857 87.36363636363636
94000 32.43714285714286 89.25252525252525
95000 32.87714285714286 91.16161616161615
96000 33.37714285714286 93.0909090909091
97000 33.74857142857143 95.04040404040404
98000 34.20857142857143 97.01010101010101
99000 35.034285714285716 99.0
100000 35.34 101.01010101010101
