0 3 1.4467592592592592E-4
1 3 1.4467592592592592E-4
2 3 1.4467592592592592E-4
4 13 6.26929012345679E-4
3 14 6.751543209876543E-4
5 44 0.0021219135802469135
6 76 0.0036651234567901233
7 109 0.005256558641975309
8 237 0.011429398148148149
255 386 0.01861496913580247
9 453 0.021846064814814815
239 524 0.025270061728395063
235 530 0.025559413580246913
226 531 0.025607638888888888
227 540 0.026041666666666668
236 540 0.026041666666666668
238 543 0.02618634259259259
234 547 0.026379243827160493
229 549 0.026475694444444444
237 550 0.02652391975308642
228 554 0.02671682098765432
231 558 0.026909722222222224
168 560 0.02700617283950617
223 561 0.027054398148148147
232 564 0.027199074074074073
225 565 0.02724729938271605
224 567 0.02734375
230 569 0.02744020061728395
166 572 0.027584876543209878
167 574 0.02768132716049383
170 580 0.02797067901234568
169 587 0.028308256172839507
241 591 0.02850115740740741
240 603 0.029079861111111112
233 607 0.029272762345679014
165 622 0.029996141975308643
171 627 0.030237268518518517
221 635 0.03062307098765432
220 637 0.030719521604938273
242 637 0.030719521604938273
222 639 0.030815972222222224
163 658 0.031732253086419755
164 669 0.03226273148148148
219 699 0.03370949074074074
162 705 0.033998842592592594
243 705 0.033998842592592594
244 724 0.034915123456790126
161 742 0.03578317901234568
172 755 0.03641010802469136
218 775 0.03737461419753087
217 799 0.03853202160493827
160 805 0.038821373456790126
158 858 0.04137731481481482
10 860 0.04147376543209876
159 880 0.04243827160493827
173 946 0.04562114197530864
245 955 0.04605516975308642
216 988 0.04764660493827161
157 993 0.04788773148148148
156 1039 0.05010609567901234
154 1093 0.052710262345679014
155 1128 0.05439814814814815
153 1158 0.055844907407407406
246 1204 0.05806327160493827
152 1232 0.05941358024691358
248 1233 0.05946180555555555
151 1238 0.059702932098765434
215 1267 0.06110146604938271
247 1270 0.06124614197530864
11 1293 0.06235532407407408
149 1324 0.06385030864197531
174 1327 0.06399498456790123
150 1371 0.06611689814814815
249 1379 0.06650270061728394
148 1393 0.06717785493827161
147 1424 0.06867283950617284
146 1504 0.07253086419753087
145 1651 0.07961998456790123
250 1652 0.07966820987654322
144 1720 0.08294753086419752
214 1742 0.08400848765432099
175 1757 0.08473186728395062
251 1758 0.08478009259259259
142 1815 0.08752893518518519
12 1868 0.09008487654320987
143 1870 0.09018132716049383
252 1932 0.0931712962962963
141 1980 0.0954861111111111
176 2086 0.10059799382716049
140 2197 0.10595100308641975
139 2294 0.11062885802469136
178 2371 0.11434220679012345
177 2372 0.11439043209876543
138 2399 0.11569251543209877
213 2421 0.11675347222222222
13 2477 0.11945408950617284
137 2634 0.12702546296296297
179 2711 0.13073881172839505
136 3004 0.14486882716049382
254 3100 0.14949845679012347
212 3372 0.16261574074074073
14 3443 0.16603973765432098
135 3474 0.1675347222222222
41 3565 0.17192322530864199
38 3615 0.17433449074074073
42 3675 0.17722800925925927
43 3758 0.18123070987654322
40 3771 0.1818576388888889
39 3772 0.18190586419753085
253 3800 0.18325617283950618
134 3858 0.18605324074074073
37 3860 0.1861496913580247
36 3957 0.1908275462962963
44 3962 0.19106867283950618
35 4025 0.19410686728395063
180 4035 0.19458912037037038
34 4076 0.19656635802469136
45 4139 0.1996045524691358
32 4197 0.20240162037037038
31 4239 0.20442708333333334
33 4282 0.20650077160493827
211 4330 0.2088155864197531
46 4370 0.2107445987654321
133 4477 0.21590470679012347
30 4550 0.21942515432098766
47 4668 0.22511574074074073
29 4709 0.22709297839506173
15 4763 0.2296971450617284
132 4846 0.23369984567901234
28 4992 0.24074074074074073
48 5016 0.24189814814814814
49 5166 0.24913194444444445
27 5318 0.25646219135802467
26 5428 0.26176697530864196
50 5462 0.26340663580246915
210 5466 0.26359953703703703
131 5607 0.2703993055555556
51 5765 0.27801890432098764
25 5807 0.2800443672839506
130 5911 0.28505979938271603
52 6215 0.29972029320987653
53 6293 0.3034818672839506
129 6321 0.30483217592592593
24 6328 0.30516975308641975
209 6472 0.3121141975308642
16 6522 0.31452546296296297
128 6786 0.3272569444444444
23 6850 0.33034336419753085
127 6932 0.33429783950617287
54 7077 0.34129050925925924
206 7199 0.34717399691358025
207 7398 0.3567708333333333
126 7402 0.35696373456790126
181 7413 0.35749421296296297
208 7457 0.3596161265432099
125 7612 0.36709104938271603
22 7658 0.36930941358024694
55 7815 0.37688078703703703
205 8010 0.3862847222222222
124 8125 0.3918306327160494
17 8261 0.39838927469135804
21 8269 0.3987750771604938
123 8378 0.40403163580246915
191 8512 0.4104938271604938
20 8713 0.42018711419753085
122 8815 0.42510609567901236
56 8933 0.4307966820987654
19 9067 0.4372588734567901
18 9082 0.43798225308641975
190 9130 0.4402970679012346
121 9258 0.4464699074074074
192 9331 0.4499903549382716
204 9459 0.4561631944444444
189 9676 0.46662808641975306
200 9791 0.47217399691358025
120 9824 0.4737654320987654
203 10046 0.48447145061728397
201 10083 0.48625578703703703
199 10095 0.48683449074074076
57 10296 0.4965277777777778
202 10322 0.49778163580246915
119 10493 0.5060281635802469
198 10568 0.5096450617283951
87 10674 0.5147569444444444
86 10871 0.5242573302469136
85 11144 0.5374228395061729
188 11163 0.5383391203703703
118 11173 0.5388213734567902
84 11253 0.5426793981481481
193 11278 0.5438850308641975
88 11320 0.5459104938271605
58 11561 0.5575327932098766
83 11777 0.5679494598765432
197 11966 0.5770640432098766
117 12195 0.5881076388888888
59 12397 0.5978491512345679
182 12478 0.6017554012345679
82 12492 0.6024305555555556
81 12697 0.6123167438271605
60 12973 0.6256269290123457
116 13004 0.6271219135802469
80 13279 0.6403838734567902
194 13430 0.6476658950617284
196 13478 0.6499807098765432
61 13568 0.654320987654321
79 13787 0.6648823302469136
195 14024 0.6763117283950617
78 14108 0.6803626543209876
62 14219 0.6857156635802469
77 14244 0.6869212962962963
63 14279 0.6886091820987654
89 14279 0.6886091820987654
115 14399 0.6943962191358025
76 14578 0.7030285493827161
64 14594 0.7038001543209876
75 14748 0.7112268518518519
65 14753 0.7114679783950617
187 14916 0.7193287037037037
67 14924 0.7197145061728395
66 14931 0.7200520833333334
74 15227 0.734326774691358
68 15412 0.7432484567901234
73 15417 0.7434895833333334
69 15503 0.7476369598765432
72 15715 0.757860725308642
114 15724 0.7582947530864198
70 15783 0.7611400462962963
71 15805 0.7622010030864198
113 17349 0.8366608796296297
183 18064 0.871141975308642
112 19005 0.9165219907407407
186 19884 0.9589120370370371
90 21230 1.0238233024691359
111 21457 1.0347704475308641
184 21960 1.0590277777777777
185 22830 1.1009837962962963
110 24508 1.1819058641975309
109 27334 1.3181905864197532
104 27908 1.3458719135802468
105 28086 1.3544560185185186
107 28283 1.3639564043209877
108 28337 1.3665605709876543
106 28609 1.3796778549382716
103 28786 1.3882137345679013
102 30022 1.4478202160493827
91 30342 1.4632523148148149
101 31155 1.5024594907407407
100 31731 1.5302372685185186
99 34098 1.6443865740740742
98 36670 1.7684220679012346
92 37203 1.7941261574074074
93 38042 1.8345871913580247
97 40780 1.9666280864197532
94 42411 2.045283564814815
96 43515 2.0985243055555554
95 44840 2.162422839506173
