1 0 0
2 0 0
3 0 0
4 0 0
5 0 0
6 0 0
7 0 0
8 0 0
9 0 0
10 0 0
11 0 0
12 0 0
13 0 0
14 0 0
15 0 0
16 0 0
17 0 0
18 0 0
19 0 0
20 0 0
21 0 0
22 0 0
23 0 0
24 0 0
25 0 0
26 0 0
27 0 0
28 0 0
29 0 0
30 0 0
31 0 0
32 0 0
33 0 0
34 0 0
35 0 0
36 0 0
37 0 0
38 0 0
39 0 0
40 0 0
41 0 0
42 0 0
43 0 0
44 0 0
45 0 0
46 0 0
47 0 0
48 0 0
49 0 0
50 0 0
51 0 0
52 0 0
53 0 0
54 0 0
55 0 0
56 0 0
57 0 0
58 0 0
59 0 0
60 0 0
61 0 0
62 0 0
63 0 0
64 0 0
65 0 0
66 0 0
67 0 0
68 0 0
69 0 0
70 0 0
71 0 0
72 0 0
73 0 0
74 0 0
75 0 0
76 0 0
77 0 0
78 0 0
79 0 0
80 0 0
81 0 0
82 0 0
83 0 0
84 0 0
85 0 0
86 0 0
87 0 0
88 0 0
89 0 0
90 0 0
91 0 0
92 0 0
93 0 0
94 0 0
95 0 0
96 0 0
97 0 0
98 0 0
99 0 0
100 0 0
101 0 0
102 0 0
103 0 0
104 0 0
105 0 0
106 0 0
107 0 0
108 0 0
109 0 0
110 0 0
111 0 0
112 0 0
113 0 0
114 0 0
115 0 0
116 0 0
117 0 0
118 0 0
119 0 0
120 0 0
121 0 0
122 0 0
123 0 0
124 0 0
125 0 0
126 0 0
127 0 0
128 0 0
129 0 0
130 0 0
131 0 0
132 0 0
133 0 0
134 0 0
135 0 0
136 0 0
137 0 0
138 0 0
139 0 0
140 0 0
141 0 0
142 0 0
143 0 0
144 0 0
145 0 0
146 0 0
147 0 0
148 0 0
149 0 0
150 0 0
151 0 0
152 0 0
153 0 0
154 0 0
155 0 0
156 0 0
157 0 0
158 0 0
159 0 0
160 0 0
161 0 0
162 0 0
163 0 0
164 0 0
165 0 0
166 0 0
167 0 0
168 0 0
169 0 0
170 0 0
171 0 0
172 0 0
173 0 0
174 0 0
175 0 0
176 0 0
177 0 0
178 0 0
179 0 0
180 0 0
181 0 0
182 0 0
183 0 0
184 0 0
185 0 0
186 0 0
187 0 0
188 0 0
189 0 0
190 0 0
191 0 0
192 0 0
193 0 0
194 0 0
195 0 0
196 0 0
197 0 0
198 0 0
199 0 0
200 0 0
201 0 0
202 0 0
203 0 0
204 0 0
205 0 0
206 0 0
207 0 0
208 0 0
209 0 0
210 0 0
211 0 0
212 0 0
213 0 0
214 0 0
215 0 0
216 0 0
217 0 0
218 0 0
219 0 0
220 0 0
221 0 0
222 0 0
223 0 0
224 0 0
225 0 0
226 0 0
227 0 0
228 0 0
229 0 0
230 0 0
231 0 0
232 0 0
233 0 0
234 0 0
235 0 0
236 0 0
237 0 0
238 0 0
239 0 0
240 0 0
241 0 0
242 0 0
243 0 0
244 0 0
245 0 0
246 0 0
247 0 0
248 0 0
249 0 0
250 0 0
251 0 0
252 0 0
253 0 0
254 0 0
255 0 0
256 0 0
257 0 0
258 0 0
259 0 0
260 0 0
261 0 0
262 0 0
263 0 0
264 0 0
265 0 0
266 0 0
267 0 0
268 0 0
269 0 0
270 0 0
271 0 0
272 0 0
273 0 0
274 0 0
275 0 0
276 0 0
277 0 0
278 0 0
279 0 0
280 0 0
281 0 0
282 0 0
283 0 0
284 0 0
285 0 0
286 0 0
287 0 0
288 0 0
289 0 0
290 0 0
291 0 0
292 0 0
293 0 0
294 0 0
295 0 0
296 0 0
297 0 0
298 0 0
299 0 0
300 0 0
301 0 0
302 0 0
303 0 0
304 0 0
305 0 0
306 0 0
307 0 0
308 0 0
309 0 0
310 0 0
311 0 0
312 0 0
313 0 0
314 0 0
315 0 0
316 0 0
317 0 0
318 0 0
319 0 0
320 0 0
321 0 0
322 0 0
323 0 0
324 0 0
325 0 0
326 0 0
327 0 0
328 0 0
329 0 0
330 0 0
331 0 0
332 0 0
333 0 0
334 0 0
335 0 0
336 0 0
337 0 0
338 0 0
339 0 0
340 0 0
341 0 0
342 0 0
343 0 0
344 0 0
345 0 0
346 0 0
347 0 0
348 0 0
349 0 0
350 0 0
351 0 0
352 0 0
353 0 0
354 0 0
355 0 0
356 0 0
357 0 0
358 0 0
359 0 0
360 0 0
361 0 0
362 0 0
363 0 0
364 0 0
365 0 0
366 0 0
367 0 0
368 0 0
369 0 0
370 0 0
371 0 0
372 0 0
373 0 0
374 0 0
375 0 0
376 0 0
377 0 0
378 0 0
379 0 0
380 0 0
381 0 0
382 0 0
383 0 0
384 0 0
385 0 0
386 0 0
387 0 0
388 0 0
389 0 0
390 0 0
391 0 0
392 0 0
393 0 0
394 0 0
395 0 0
396 0 0
397 0 0
398 0 0
399 0 0
400 0 0
401 0 0
402 0 0
403 0 0
404 0 0
405 0 0
406 0 0
407 0 0
408 0 0
409 0 0
410 0 0
411 0 0
412 0 0
413 0 0
414 0 0
415 0 0
416 0 0
417 0 0
418 0 0
419 0 0
420 0 0
421 0 0
422 0 0
423 0 0
424 0 0
425 0 0
426 0 0
427 0 0
428 0 0
429 0 0
430 0 0
431 0 0
432 0 0
433 0 0
434 0 0
435 0 0
436 0 0
437 0 0
438 0 0
439 0 0
440 0 0
441 0 0
442 0 0
443 0 0
444 0 0
445 0 0
446 0 0
447 0 0
448 0 0
449 0 0
450 0 0
451 0 0
452 0 0
453 0 0
454 0 0
455 0 0
456 0 0
457 0 0
458 0 0
459 0 0
460 0 0
461 0 0
462 0 0
463 0 0
464 0 0
465 0 0
466 0 0
467 0 0
468 0 0
469 0 0
470 0 0
471 0 0
472 0 0
473 0 0
474 0 0
475 0 0
476 0 0
477 0 0
478 0 0
479 0 0
480 0 0
481 0 0
482 0 0
483 0 0
484 0 0
485 0 0
486 0 0
487 0 0
488 0 0
489 0 0
490 0 0
491 0 0
492 0 0
493 0 0
494 0 0
495 0 0
496 0 0
497 0 0
498 0 0
499 0 0
500 0 0
501 0 0
502 0 0
503 0 0
504 0 0
505 0 0
506 0 0
507 0 0
508 0 0
509 0 0
510 0 0
511 0 0
512 0 0
513 0 0
514 0 0
515 0 0
516 0 0
517 0 0
518 0 0
519 0 0
520 0 0
521 0 0
522 0 0
523 0 0
524 0 0
525 0 0
526 0 0
527 0 0
528 0 0
529 0 0
530 0 0
531 0 0
532 0 0
533 0 0
534 0 0
535 0 0
536 0 0
537 0 0
538 0 0
539 0 0
540 0 0
541 0 0
542 0 0
543 0 0
544 0 0
545 0 0
546 0 0
547 0 0
548 0 0
549 0 0
550 0 0
551 0 0
552 0 0
553 0 0
554 0 0
555 0 0
556 0 0
557 0 0
558 0 0
559 0 0
560 0 0
561 0 0
562 0 0
563 0 0
564 0 0
565 0 0
566 0 0
567 0 0
568 0 0
569 0 0
570 0 0
571 0 0
572 0 0
573 0 0
574 0 0
575 0 0
576 0 0
577 0 0
578 0 0
579 0 0
580 0 0
581 0 0
582 0 0
583 0 0
584 0 0
585 0 0
586 0 0
587 0 0
588 0 0
589 0 0
590 0 0
591 0 0
592 0 0
593 0 0
594 0 0
595 0 0
596 0 0
597 0 0
598 0 0
599 0 0
600 0 0
601 0 0
602 0 0
603 0 0
604 0 0
605 0 0
606 0 0
607 0 0
608 0 0
609 0 0
610 0 0
611 0 0
612 0 0
613 0 0
614 0 0
615 0 0
616 0 0
617 0 0
618 0 0
619 0 0
620 0 0
621 0 0
622 0 0
623 0 0
624 0 0
625 0 0
626 0 0
627 0 0
628 0 0
629 0 0
630 0 0
631 0 0
632 0 0
633 0 0
634 0 0
635 0 0
636 0 0
637 0 0
638 0 0
639 0 0
640 0 0
641 0 0
642 0 0
643 0 0
644 0 0
645 0 0
646 0 0
647 0 0
648 0 0
649 0 0
650 0 0
651 0 0
652 0 0
653 0 0
654 0 0
655 0 0
656 0 0
657 0 0
658 0 0
659 0 0
660 0 0
661 0 0
662 0 0
663 0 0
664 0 0
665 0 0
666 0 0
667 0 0
668 0 0
669 0 0
670 0 0
671 0 0
672 0 0
673 0 0
674 0 0
675 0 0
676 0 0
677 0 0
678 0 0
679 0 0
680 0 0
681 0 0
682 0 0
683 0 0
684 0 0
685 0 0
686 0 0
687 0 0
688 0 0
689 0 0
690 0 0
691 0 0
692 0 0
693 0 0
694 0 0
695 0 0
696 0 0
697 0 0
698 0 0
699 0 0
700 0 0
701 0 0
702 0 0
703 0 0
704 0 0
705 0 0
706 0 0
707 0 0
708 0 0
709 0 0
710 0 0
711 0 0
712 0 0
713 0 0
714 0 0
715 0 0
716 0 0
717 0 0
718 0 0
719 0 0
720 0 0
721 0 0
722 0 0
723 0 0
724 0 0
725 0 0
726 0 0
727 0 0
728 0 0
729 0 0
730 0 0
731 0 0
732 0 0
733 0 0
734 0 0
735 0 0
736 0 0
737 0 0
738 0 0
739 0 0
740 0 0
741 0 0
742 0 0
743 0 0
744 0 0
745 0 0
746 0 0
747 0 0
748 0 0
749 0 0
750 0 0
751 0 0
752 0 0
753 0 0
754 0 0
755 0 0
756 0 0
757 0 0
758 0 0
759 0 0
760 0 0
761 0 0
762 0 0
763 0 0
764 0 0
765 0 0
766 0 0
767 0 0
768 0 0
769 0 0
770 0 0
771 0 0
772 0 0
773 0 0
774 0 0
775 0 0
776 0 0
777 0 0
778 0 0
779 0 0
780 0 0
781 0 0
782 0 0
783 0 0
784 0 0
785 0 0
786 0 0
787 0 0
788 0 0
789 0 0
790 0 0
791 0 0
792 0 0
793 0 0
794 0 0
795 0 0
796 0 0
797 0 0
798 0 0
799 0 0
800 0 0
801 0 0
802 0 0
803 0 0
804 0 0
805 0 0
806 0 0
807 0 0
808 0 0
809 0 0
810 0 0
811 0 0
812 0 0
813 0 0
814 0 0
815 0 0
816 0 0
817 0 0
818 0 0
819 0 0
820 0 0
821 0 0
822 0 0
823 0 0
824 0 0
825 0 0
826 0 0
827 0 0
828 0 0
829 0 0
830 0 0
831 0 0
832 0 0
833 0 0
834 0 0
835 0 0
836 0 0
837 0 0
838 0 0
839 0 0
840 0 0
841 0 0
842 0 0
843 0 0
844 0 0
845 0 0
846 0 0
847 0 0
848 0 0
849 0 0
850 0 0
851 0 0
852 0 0
853 0 0
854 0 0
855 0 0
856 0 0
857 0 0
858 0 0
859 0 0
860 0 0
861 0 0
862 0 0
863 0 0
864 0 0
865 0 0
866 0 0
867 0 0
868 0 0
869 0 0
870 0 0
871 0 0
872 0 0
873 0 0
874 0 0
875 0 0
876 0 0
877 0 0
878 0 0
879 0 0
880 0 0
881 0 0
882 0 0
883 0 0
884 0 0
885 0 0
886 0 0
887 0 0
888 0 0
889 0 0
890 0 0
891 0 0
892 0 0
893 0 0
894 0 0
895 0 0
896 0 0
897 0 0
898 0 0
899 0 0
900 0 0
901 0 0
902 0 0
903 0 0
904 0 0
905 0 0
906 0 0
907 0 0
908 0 0
909 0 0
910 0 0
911 0 0
912 0 0
913 0 0
914 0 0
915 0 0
916 0 0
917 0 0
918 0 0
919 0 0
920 0 0
921 0 0
922 0 0
923 0 0
924 0 0
925 0 0
926 0 0
927 0 0
928 0 0
929 0 0
930 0 0
931 0 0
932 0 0
933 0 0
934 0 0
935 0 0
936 0 0
937 0 0
938 0 0
939 0 0
940 0 0
941 0 0
942 0 0
943 0 0
944 0 0
945 0 0
946 0 0
947 0 0
948 0 0
949 0 0
950 0 0
951 0 1
952 0 1
953 0 0
954 0 0
955 0 0
956 0 0
957 0 0
958 0 0
959 0 0
960 0 1
961 0 0
962 0 0
963 0 0
964 0 0
965 0 0
966 0 1
967 0 1
968 0 0
969 0 0
970 0 1
971 0 0
972 0 0
973 0 0
974 0 0
975 0 1
976 0 0
977 0 0
978 0 1
979 0 0
980 0 0
981 0 0
982 0 0
983 0 0
984 0 1
985 0 0
986 0 0
987 0 0
988 0 0
989 0 1
990 0 0
991 0 1
992 0 0
993 0 0
994 0 0
995 0 0
996 0 0
997 0 1
998 0 0
999 0 1
1000 0 0
1001 0 0
1002 0 1
1003 0 1
1004 0 1
1005 0 0
1006 0 1
1007 0 1
1008 0 1
1009 0 1
1010 0 1
1011 0 1
1012 0 0
1013 0 1
1014 0 1
1015 0 1
1016 0 1
1017 0 1
1018 0 1
1019 0 1
1020 0 1
1021 0 1
1022 0 1
1023 0 1
1024 0 1
1025 0 1
1026 0 1
1027 0 1
1028 0 1
1029 0 1
1030 0 1
1031 0 1
1032 0 1
1033 0 1
1034 0 1
1035 0 1
1036 0 1
1037 0 1
1038 0 1
1039 0 1
1040 0 1
1041 0 1
1042 0 1
1043 0 1
1044 0 1
1045 0 1
1046 0 1
1047 0 1
1048 0 1
1049 0 1
1050 0 1
1051 0 1
1052 0 1
1053 0 1
1054 0 1
1055 0 1
1056 0 1
1057 0 1
1058 0 1
1059 0 1
1060 0 1
1061 0 1
1062 0 1
1063 0 1
1064 0 1
1065 0 1
1066 0 1
1067 0 1
1068 0 1
1069 0 1
1070 0 1
1071 0 1
1072 0 1
1073 0 1
1074 0 1
1075 0 1
1076 0 1
1077 0 1
1078 0 1
1079 0 1
1080 0 1
1081 0 1
1082 0 1
1083 0 1
1084 0 1
1085 0 1
1086 0 1
1087 0 1
1088 0 1
1089 0 1
1090 0 1
1091 0 1
1092 0 1
1093 0 1
1094 0 1
1095 0 1
1096 0 1
1097 0 1
1098 0 1
1099 0 1
1100 0 1
1101 0 1
1102 0 1
1103 0 1
1104 0 1
1105 0 1
1106 0 1
1107 0 1
1108 0 1
1109 0 1
1110 0 1
1111 0 1
1112 0 1
1113 0 1
1114 0 1
1115 0 1
1116 0 1
1117 0 1
1118 0 1
1119 0 1
1120 0 1
1121 0 1
1122 0 1
1123 0 1
1124 0 1
1125 0 1
1126 0 1
1127 0 1
1128 0 1
1129 0 1
1130 0 1
1131 0 1
1132 0 1
1133 0 1
1134 0 1
1135 0 1
1136 0 1
1137 0 1
1138 0 1
1139 0 1
1140 0 1
1141 0 1
1142 0 1
1143 0 1
1144 0 1
1145 0 1
1146 0 1
1147 0 1
1148 0 1
1149 0 1
1150 0 1
1151 0 1
1152 0 1
1153 0 1
1154 0 1
1155 0 1
1156 0 1
1157 0 1
1158 0 1
1159 0 1
1160 0 1
1161 0 1
1162 0 1
1163 0 1
1164 0 1
1165 0 1
1166 0 1
1167 0 1
1168 0 1
1169 0 1
1170 0 1
1171 0 1
1172 0 1
1173 0 1
1174 0 1
1175 0 1
1176 0 1
1177 0 1
1178 0 1
1179 0 1
1180 0 1
1181 0 1
1182 0 1
1183 0 1
1184 0 1
1185 0 1
1186 0 1
1187 0 1
1188 0 1
1189 0 1
1190 0 1
1191 0 1
1192 0 1
1193 0 1
1194 0 1
1195 0 1
1196 0 1
1197 0 1
1198 0 1
1199 0 1
1200 0 1
1201 0 1
1202 0 1
1203 0 1
1204 0 1
1205 0 1
1206 0 1
1207 0 1
1208 0 1
1209 0 1
1210 0 1
1211 0 1
1212 0 1
1213 0 1
1214 0 1
1215 0 1
1216 0 1
1217 0 1
1218 0 1
1219 0 1
1220 0 1
1221 0 1
1222 0 1
1223 0 1
1224 0 1
1225 0 1
1226 0 1
1227 0 1
1228 0 1
1229 0 1
1230 0 1
1231 0 1
1232 0 1
1233 0 1
1234 0 1
1235 0 1
1236 0 1
1237 0 1
1238 0 1
1239 0 1
1240 0 1
1241 0 1
1242 0 1
1243 0 1
1244 0 1
1245 0 1
1246 0 1
1247 0 1
1248 0 1
1249 0 1
1250 0 1
1251 0 1
1252 0 1
1253 0 1
1254 0 1
1255 0 1
1256 0 1
1257 0 1
1258 0 1
1259 0 1
1260 0 1
1261 0 1
1262 0 1
1263 0 1
1264 0 1
1265 0 1
1266 0 1
1267 0 1
1268 0 1
1269 0 1
1270 0 1
1271 0 1
1272 0 1
1273 0 1
1274 0 1
1275 0 1
1276 0 1
1277 0 1
1278 0 1
1279 0 1
1280 0 1
1281 0 1
1282 0 1
1283 0 1
1284 0 1
1285 0 1
1286 0 1
1287 0 1
1288 0 1
1289 0 1
1290 0 1
1291 0 1
1292 0 1
1293 0 1
1294 0 1
1295 0 1
1296 0 1
1297 0 1
1298 0 1
1299 0 1
1300 0 1
1301 0 1
1302 0 1
1303 0 1
1304 0 1
1305 0 1
1306 0 1
1307 0 1
1308 0 1
1309 0 1
1310 0 1
1311 0 1
1312 0 1
1313 0 1
1314 0 1
1315 0 1
1316 0 1
1317 0 1
1318 0 1
1319 0 1
1320 0 1
1321 0 1
1322 0 1
1323 0 1
1324 0 1
1325 0 1
1326 0 1
1327 0 1
1328 0 1
1329 0 1
1330 0 1
1331 0 1
1332 0 1
1333 0 1
1334 0 1
1335 0 1
1336 0 1
1337 0 1
1338 0 1
1339 0 1
1340 0 1
1341 0 1
1342 0 1
1343 0 1
1344 0 1
1345 0 1
1346 0 1
1347 0 1
1348 0 1
1349 0 1
1350 0 1
1351 0 1
1352 0 1
1353 0 1
1354 0 1
1355 0 1
1356 0 1
1357 0 1
1358 0 1
1359 0 1
1360 0 1
1361 0 1
1362 0 1
1363 0 1
1364 0 1
1365 0 1
1366 0 1
1367 0 1
1368 0 1
1369 0 1
1370 0 1
1371 0 1
1372 0 2
1373 0 2
1374 0 1
1375 0 1
1376 0 1
1377 0 1
1378 0 1
1379 0 1
1380 0 1
1381 0 1
1382 0 1
1383 0 1
1384 0 1
1385 0 2
1386 0 1
1387 0 1
1388 0 1
1389 0 1
1390 0 1
1391 0 1
1392 0 1
1393 0 2
1394 0 1
1395 0 1
1396 0 1
1397 0 1
1398 0 2
1399 0 2
1400 0 1
1401 0 2
1402 0 2
1403 0 2
1404 0 1
1405 0 1
1406 0 1
1407 0 1
1408 0 1
1409 0 1
1410 0 1
1411 0 1
1412 0 1
1413 0 1
1414 0 2
1415 0 2
1416 0 2
1417 0 1
1418 0 1
1419 0 1
1420 0 2
1421 0 1
1422 0 1
1423 0 2
1424 0 2
1425 0 1
1426 0 1
1427 0 2
1428 0 2
1429 0 2
1430 0 1
1431 0 1
1432 0 2
1433 0 2
1434 0 1
1435 0 2
1436 0 2
1437 0 2
1438 0 2
1439 0 2
1440 0 1
1441 0 2
1442 0 2
1443 0 2
1444 0 2
1445 0 2
1446 0 1
1447 0 2
1448 0 2
1449 0 2
1450 0 2
1451 0 1
1452 0 2
1453 0 2
1454 0 2
1455 0 2
1456 0 1
1457 0 2
1458 0 2
1459 0 2
1460 0 2
1461 0 2
1462 0 2
1463 0 2
1464 0 2
1465 0 2
1466 0 2
1467 0 2
1468 0 2
1469 0 2
1470 0 2
1471 0 2
1472 0 2
1473 0 2
1474 0 2
1475 0 2
1476 0 2
1477 0 2
1478 0 2
1479 0 2
1480 0 2
1481 0 2
1482 0 2
1483 0 2
1484 0 2
1485 0 2
1486 0 2
1487 0 2
1488 0 2
1489 0 2
1490 0 2
1491 0 2
1492 0 2
1493 0 2
1494 0 2
1495 0 2
1496 0 2
1497 0 2
1498 0 2
1499 0 2
1500 0 2
1501 0 2
1502 0 2
1503 0 2
1504 0 2
1505 0 2
1506 0 2
1507 0 2
1508 0 2
1509 0 2
1510 0 2
1511 0 2
1512 0 2
1513 0 2
1514 0 2
1515 0 2
1516 0 2
1517 0 2
1518 0 2
1519 0 2
1520 0 2
1521 0 2
1522 0 2
1523 0 2
1524 0 2
1525 0 2
1526 0 2
1527 0 2
1528 0 2
1529 0 2
1530 0 2
1531 0 2
1532 0 2
1533 0 2
1534 0 2
1535 0 2
1536 0 2
1537 0 2
1538 0 2
1539 0 2
1540 0 2
1541 0 2
1542 0 2
1543 0 2
1544 0 2
1545 0 2
1546 0 2
1547 0 2
1548 0 2
1549 0 2
1550 0 2
1551 0 2
1552 0 2
1553 0 2
1554 0 2
1555 0 2
1556 0 2
1557 0 2
1558 0 2
1559 0 2
1560 0 2
1561 0 2
1562 0 2
1563 0 2
1564 0 2
1565 0 2
1566 0 2
1567 0 2
1568 0 2
1569 0 2
1570 0 2
1571 0 2
1572 0 2
1573 0 2
1574 0 2
1575 0 2
1576 0 2
1577 0 2
1578 0 2
1579 0 2
1580 0 2
1581 0 2
1582 0 2
1583 0 2
1584 0 2
1585 0 2
1586 0 2
1587 0 2
1588 0 2
1589 0 2
1590 0 2
1591 0 2
1592 0 2
1593 0 2
1594 0 2
1595 0 2
1596 0 2
1597 0 2
1598 0 2
1599 0 2
1600 0 2
1601 0 2
1602 0 2
1603 0 2
1604 0 2
1605 0 2
1606 0 2
1607 0 2
1608 0 2
1609 0 2
1610 0 2
1611 0 2
1612 0 2
1613 0 2
1614 0 2
1615 0 2
1616 0 2
1617 0 2
1618 0 2
1619 0 2
1620 0 2
1621 0 2
1622 0 2
1623 0 2
1624 0 2
1625 0 2
1626 0 2
1627 0 2
1628 0 2
1629 0 2
1630 0 2
1631 0 2
1632 0 2
1633 0 2
1634 0 2
1635 0 2
1636 0 2
1637 0 2
1638 0 2
1639 0 2
1640 0 2
1641 0 2
1642 0 2
1643 0 2
1644 0 2
1645 0 2
1646 0 2
1647 0 2
1648 0 2
1649 0 2
1650 0 2
1651 0 2
1652 0 2
1653 0 2
1654 0 2
1655 0 2
1656 0 2
1657 0 3
1658 0 2
1659 0 2
1660 0 2
1661 0 2
1662 0 2
1663 0 2
1664 0 2
1665 0 2
1666 0 2
1667 0 2
1668 0 2
1669 0 2
1670 0 2
1671 0 2
1672 0 2
1673 0 2
1674 0 2
1675 0 2
1676 0 2
1677 0 2
1678 0 2
1679 0 2
1680 0 2
1681 0 2
1682 0 2
1683 0 2
1684 0 2
1685 0 2
1686 0 2
1687 0 2
1688 0 2
1689 0 2
1690 0 2
1691 0 2
1692 0 2
1693 0 2
1694 0 2
1695 0 2
1696 0 2
1697 0 2
1698 0 2
1699 0 2
1700 0 2
1701 0 2
1702 0 2
1703 0 2
1704 0 2
1705 0 2
1706 0 2
1707 0 2
1708 0 2
1709 0 2
1710 0 2
1711 0 2
1712 0 2
1713 0 2
1714 0 2
1715 0 3
1716 0 2
1717 0 2
1718 0 2
1719 0 2
1720 0 2
1721 0 2
1722 0 3
1723 0 3
1724 0 2
1725 0 2
1726 0 3
1727 0 2
1728 0 2
1729 0 2
1730 0 2
1731 0 3
1732 0 2
1733 0 2
1734 0 2
1735 0 2
1736 0 2
1737 0 2
1738 0 2
1739 0 2
1740 0 3
1741 0 3
1742 0 2
1743 0 2
1744 0 3
1745 0 2
1746 0 2
1747 0 2
1748 0 2
1749 0 2
1750 0 3
1751 0 2
1752 0 2
1753 0 2
1754 0 3
1755 0 3
1756 0 3
1757 0 3
1758 0 2
1759 0 3
1760 0 2
1761 0 2
1762 0 2
1763 0 3
1764 0 3
1765 0 3
1766 0 2
1767 0 3
1768 0 3
1769 0 3
1770 0 2
1771 0 3
1772 0 3
1773 0 2
1774 0 2
1775 0 2
1776 0 3
1777 0 3
1778 0 3
1779 0 3
1780 0 2
1781 0 3
1782 0 3
1783 0 3
1784 0 3
1785 0 3
1786 0 2
1787 0 2
1788 0 3
1789 0 2
1790 0 2
1791 0 2
1792 0 3
1793 0 2
1794 0 2
1795 0 2
1796 0 2
1797 0 3
1798 0 3
1799 0 3
1800 0 3
1801 0 2
1802 0 3
1803 0 3
1804 0 2
1805 0 3
1806 0 2
1807 0 3
1808 0 3
1809 0 2
1810 0 2
1811 0 3
1812 0 3
1813 0 2
1814 0 3
1815 0 2
1816 0 3
1817 0 3
1818 0 3
1819 0 3
1820 0 3
1821 0 3
1822 0 3
1823 0 3
1824 0 2
1825 0 3
1826 0 3
1827 0 3
1828 0 3
1829 0 3
1830 0 3
1831 0 3
1832 0 3
1833 0 3
1834 0 3
1835 0 3
1836 0 3
1837 0 3
1838 0 3
1839 0 3
1840 0 3
1841 0 3
1842 0 3
1843 0 3
1844 0 3
1845 0 3
1846 0 3
1847 0 3
1848 0 3
1849 0 3
1850 0 3
1851 0 3
1852 0 3
1853 0 3
1854 0 3
1855 0 3
1856 0 3
1857 0 3
1858 0 3
1859 0 3
1860 0 3
1861 0 3
1862 0 3
1863 0 3
1864 0 3
1865 0 3
1866 0 3
1867 0 3
1868 0 3
1869 0 3
1870 0 3
1871 0 3
1872 0 3
1873 0 3
1874 0 3
1875 0 3
1876 0 3
1877 0 3
1878 0 3
1879 0 3
1880 0 3
1881 0 3
1882 0 3
1883 0 3
1884 0 3
1885 0 3
1886 0 3
1887 0 3
1888 0 3
1889 0 3
1890 0 3
1891 0 3
1892 0 3
1893 0 3
1894 0 3
1895 0 3
1896 0 3
1897 0 3
1898 0 3
1899 0 3
1900 0 3
1901 0 3
1902 0 3
1903 0 3
1904 0 3
1905 0 3
1906 0 3
1907 0 3
1908 0 3
1909 0 3
1910 0 3
1911 0 3
1912 0 3
1913 0 3
1914 0 3
1915 0 3
1916 0 3
1917 0 3
1918 0 3
1919 0 3
1920 0 3
1921 0 3
1922 0 3
1923 0 3
1924 0 3
1925 0 3
1926 0 3
1927 0 3
1928 0 3
1929 0 3
1930 0 3
1931 0 3
1932 0 3
1933 0 3
1934 0 3
1935 0 3
1936 0 3
1937 0 3
1938 0 3
1939 0 3
1940 0 3
1941 0 3
1942 0 3
1943 0 3
1944 0 3
1945 0 3
1946 0 3
1947 0 3
1948 0 4
1949 0 3
1950 0 3
1951 0 3
1952 0 3
1953 0 3
1954 0 3
1955 0 3
1956 0 3
1957 0 3
1958 0 3
1959 0 3
1960 0 3
1961 0 3
1962 0 3
1963 0 3
1964 0 3
1965 0 3
1966 0 3
1967 0 3
1968 0 3
1969 0 3
1970 0 3
1971 0 3
1972 0 3
1973 0 3
1974 0 3
1975 0 3
1976 0 3
1977 0 4
1978 0 3
1979 0 3
1980 0 3
1981 0 3
1982 0 3
1983 0 3
1984 0 3
1985 0 3
1986 0 3
1987 0 3
1988 0 3
1989 0 3
1990 0 3
1991 0 3
1992 0 3
1993 0 3
1994 0 3
1995 0 3
1996 0 3
1997 0 3
1998 0 3
1999 0 3
2000 0 3
2001 0 3
2002 0 3
2003 0 3
2004 0 3
2005 0 3
2006 0 3
2007 0 4
2008 0 3
2009 0 3
2010 0 3
2011 0 3
2012 0 4
2013 0 3
2014 0 3
2015 0 3
2016 0 4
2017 0 3
2018 0 3
2019 0 3
2020 0 3
2021 0 4
2022 0 3
2023 0 4
2024 0 3
2025 0 3
2026 0 3
2027 0 3
2028 0 3
2029 0 3
2030 0 3
2031 0 3
2032 0 3
2033 0 3
2034 0 3
2035 0 3
2036 0 4
2037 0 3
2038 0 3
2039 0 3
2040 0 4
2041 0 3
2042 0 3
2043 0 3
2044 0 3
2045 0 4
2046 0 3
2047 0 4
2048 0 3
2049 0 3
2050 0 4
2051 0 3
2052 0 4
2053 0 3
2054 0 3
2055 0 3
2056 0 4
2057 0 3
2058 0 4
2059 0 3
2060 0 3
2061 0 3
2062 0 4
2063 0 3
2064 0 3
2065 0 3
2066 0 4
2067 0 3
2068 0 4
2069 0 3
2070 0 3
2071 0 4
2072 0 3
2073 0 4
2074 0 4
2075 0 4
2076 0 3
2077 0 4
2078 0 4
2079 0 3
2080 0 4
2081 0 3
2082 0 4
2083 0 3
2084 0 3
2085 0 4
2086 0 4
2087 0 4
2088 0 4
2089 0 4
2090 0 4
2091 0 4
2092 0 4
2093 0 4
2094 0 4
2095 0 4
2096 0 4
2097 0 4
2098 0 4
2099 0 4
2100 0 4
2101 0 4
2102 0 4
2103 0 4
2104 0 3
2105 0 4
2106 0 4
2107 0 4
2108 0 4
2109 0 4
2110 0 4
2111 0 4
2112 0 4
2113 0 4
2114 0 4
2115 0 4
2116 0 4
2117 0 4
2118 0 4
2119 0 4
2120 0 4
2121 0 4
2122 0 4
2123 0 4
2124 0 4
2125 0 4
2126 0 4
2127 0 4
2128 0 4
2129 0 4
2130 0 4
2131 0 4
2132 0 4
2133 0 4
2134 0 4
2135 0 4
2136 0 4
2137 0 4
2138 0 4
2139 0 4
2140 0 4
2141 0 4
2142 0 4
2143 0 4
2144 0 4
2145 0 4
2146 0 4
2147 0 4
2148 0 4
2149 0 4
2150 0 4
2151 0 4
2152 0 4
2153 0 4
2154 0 4
2155 0 4
2156 0 4
2157 0 4
2158 0 4
2159 0 4
2160 0 4
2161 0 4
2162 0 4
2163 0 4
2164 0 4
2165 0 4
2166 0 4
2167 0 4
2168 0 4
2169 0 4
2170 0 4
2171 0 4
2172 0 4
2173 0 4
2174 0 4
2175 0 4
2176 0 4
2177 0 4
2178 0 4
2179 0 4
2180 0 4
2181 0 4
2182 0 4
2183 0 4
2184 0 4
2185 0 4
2186 0 4
2187 0 4
2188 0 4
2189 0 4
2190 0 4
2191 0 4
2192 0 4
2193 0 4
2194 0 4
2195 0 4
2196 0 4
2197 0 4
2198 0 4
2199 0 4
2200 0 4
2201 0 4
2202 0 4
2203 0 4
2204 0 4
2205 0 4
2206 0 4
2207 0 4
2208 0 4
2209 0 4
2210 0 4
2211 0 4
2212 0 4
2213 0 4
2214 0 4
2215 0 4
2216 0 6
2217 0 5
2218 0 5
2219 0 5
2220 0 4
2221 0 5
2222 0 4
2223 0 4
2224 0 4
2225 0 4
2226 0 4
2227 0 4
2228 0 4
2229 0 4
2230 0 4
2231 0 4
2232 0 4
2233 0 4
2234 0 4
2235 0 4
2236 0 4
2237 0 4
2238 0 4
2239 0 5
2240 0 5
2241 0 4
2242 0 4
2243 0 4
2244 0 4
2245 0 4
2246 0 4
2247 0 4
2248 0 4
2249 0 4
2250 0 4
2251 0 5
2252 0 6
2253 0 6
2254 0 5
2255 0 6
2256 0 5
2257 0 5
2258 0 5
2259 0 4
2260 0 4
2261 0 4
2262 0 4
2263 0 4
2264 0 4
2265 0 4
2266 0 4
2267 0 4
2268 0 4
2269 0 4
2270 0 5
2271 0 4
2272 0 4
2273 0 4
2274 0 4
2275 0 4
2276 0 5
2277 0 4
2278 0 4
2279 0 4
2280 0 4
2281 0 5
2282 0 5
2283 0 5
2284 0 5
2285 0 4
2286 0 5
2287 0 5
2288 0 5
2289 0 5
2290 0 5
2291 0 5
2292 0 4
2293 0 5
2294 0 5
2295 0 5
2296 0 5
2297 0 5
2298 0 5
2299 0 5
2300 0 5
2301 0 5
2302 0 5
2303 0 5
2304 0 5
2305 0 5
2306 0 7
2307 0 5
2308 0 5
2309 0 5
2310 0 5
2311 0 5
2312 0 4
2313 0 4
2314 0 4
2315 0 4
2316 0 4
2317 0 5
2318 0 5
2319 0 5
2320 0 4
2321 0 5
2322 0 5
2323 0 4
2324 0 5
2325 0 5
2326 0 5
2327 0 5
2328 0 4
2329 0 5
2330 0 5
2331 0 5
2332 0 5
2333 0 5
2334 0 5
2335 0 5
2336 0 5
2337 0 5
2338 0 5
2339 0 5
2340 0 5
2341 0 5
2342 0 5
2343 0 5
2344 0 5
2345 0 5
2346 0 5
2347 0 5
2348 0 5
2349 0 5
2350 0 5
2351 0 5
2352 0 5
2353 0 5
2354 0 5
2355 0 5
2356 0 5
2357 0 5
2358 0 5
2359 0 5
2360 0 5
2361 0 5
2362 0 5
2363 0 5
2364 0 5
2365 0 5
2366 0 5
2367 0 5
2368 0 5
2369 0 5
2370 0 5
2371 0 5
2372 0 5
2373 0 6
2374 0 5
2375 0 5
2376 0 5
2377 0 5
2378 0 5
2379 0 5
2380 0 5
2381 0 5
2382 0 5
2383 0 5
2384 0 5
2385 0 5
2386 0 5
2387 0 5
2388 0 5
2389 0 5
2390 0 5
2391 0 5
2392 0 5
2393 0 5
2394 0 5
2395 0 5
2396 0 5
2397 0 5
2398 0 5
2399 0 5
2400 0 5
2401 0 5
2402 0 5
2403 0 5
2404 0 5
2405 0 5
2406 0 5
2407 0 5
2408 0 5
2409 0 5
2410 0 5
2411 0 5
2412 0 5
2413 0 5
2414 0 5
2415 0 5
2416 0 5
2417 0 5
2418 0 5
2419 0 5
2420 0 5
2421 0 5
2422 0 5
2423 0 5
2424 0 5
2425 0 5
2426 0 5
2427 0 5
2428 0 5
2429 0 5
2430 0 5
2431 0 5
2432 0 5
2433 0 5
2434 0 5
2435 0 5
2436 0 5
2437 0 5
2438 0 5
2439 0 5
2440 0 5
2441 0 5
2442 0 5
2443 0 5
2444 0 5
2445 0 5
2446 0 5
2447 0 5
2448 0 5
2449 0 5
2450 0 5
2451 0 5
2452 0 5
2453 0 5
2454 0 5
2455 0 5
2456 0 5
2457 0 5
2458 0 5
2459 0 5
2460 0 5
2461 0 5
2462 0 5
2463 0 5
2464 0 5
2465 0 5
2466 0 5
2467 0 5
2468 0 5
2469 0 5
2470 0 5
2471 0 5
2472 0 5
2473 0 5
2474 0 6
2475 0 5
2476 0 5
2477 0 6
2478 0 5
2479 0 5
2480 0 5
2481 0 6
2482 0 8
2483 0 5
2484 0 5
2485 0 5
2486 0 5
2487 0 5
2488 0 5
2489 0 5
2490 0 5
2491 0 5
2492 0 5
2493 0 5
2494 0 5
2495 0 5
2496 0 5
2497 0 5
2498 0 5
2499 0 5
2500 0 5
2501 0 5
2502 0 5
2503 0 5
2504 0 5
2505 0 5
2506 0 5
2507 0 5
2508 0 5
2509 0 5
2510 0 5
2511 0 5
2512 0 5
2513 0 5
2514 0 6
2515 0 6
2516 0 5
2517 0 5
2518 0 6
2519 0 6
2520 0 6
2521 0 6
2522 0 6
2523 0 6
2524 0 6
2525 0 6
2526 0 6
2527 0 6
2528 0 6
2529 0 6
2530 0 6
2531 0 6
2532 0 5
2533 0 5
2534 0 5
2535 0 5
2536 0 5
2537 0 6
2538 0 6
2539 0 6
2540 0 6
2541 0 6
2542 0 6
2543 0 6
2544 0 6
2545 0 6
2546 0 6
2547 0 6
2548 0 6
2549 0 6
2550 0 6
2551 0 6
2552 0 6
2553 0 6
2554 0 6
2555 0 6
2556 0 6
2557 0 6
2558 0 6
2559 0 6
2560 0 6
2561 0 6
2562 0 6
2563 0 6
2564 0 6
2565 0 6
2566 0 6
2567 0 6
2568 0 6
2569 0 6
2570 0 6
2571 0 6
2572 0 6
2573 0 6
2574 0 6
2575 0 6
2576 0 6
2577 0 6
2578 0 6
2579 0 6
2580 0 6
2581 0 6
2582 0 6
2583 0 6
2584 0 6
2585 0 6
2586 0 6
2587 0 6
2588 0 6
2589 0 6
2590 0 6
2591 0 6
2592 0 6
2593 0 6
2594 0 6
2595 0 6
2596 0 6
2597 0 6
2598 0 6
2599 0 6
2600 0 6
2601 0 6
2602 0 6
2603 0 6
2604 0 6
2605 0 6
2606 0 6
2607 0 6
2608 0 6
2609 0 6
2610 0 6
2611 0 6
2612 0 6
2613 0 6
2614 0 6
2615 0 6
2616 0 6
2617 0 6
2618 0 6
2619 0 6
2620 0 6
2621 0 6
2622 0 6
2623 0 6
2624 0 6
2625 0 6
2626 0 6
2627 0 6
2628 0 6
2629 0 6
2630 0 6
2631 0 6
2632 0 6
2633 0 6
2634 0 6
2635 0 6
2636 0 6
2637 0 6
2638 0 6
2639 0 6
2640 0 6
2641 0 6
2642 0 6
2643 0 6
2644 0 6
2645 0 6
2646 0 6
2647 0 6
2648 0 6
2649 0 6
2650 0 6
2651 0 6
2652 0 6
2653 0 6
2654 0 6
2655 0 6
2656 0 6
2657 0 6
2658 0 6
2659 0 6
2660 0 6
2661 0 6
2662 0 6
2663 0 6
2664 0 6
2665 0 6
2666 0 6
2667 0 6
2668 0 6
2669 0 6
2670 0 6
2671 0 6
2672 0 6
2673 0 6
2674 0 6
2675 0 6
2676 0 6
2677 0 6
2678 0 6
2679 0 6
2680 0 6
2681 0 6
2682 0 6
2683 0 6
2684 0 7
2685 0 6
2686 0 6
2687 0 6
2688 0 6
2689 0 7
2690 0 7
2691 0 6
2692 0 7
2693 0 6
2694 0 6
2695 0 6
2696 0 7
2697 0 7
2698 0 6
2699 0 7
2700 0 7
2701 0 6
2702 0 7
2703 0 7
2704 0 7
2705 0 7
2706 0 6
2707 0 7
2708 0 7
2709 0 7
2710 0 6
2711 0 6
2712 0 6
2713 0 7
2714 0 6
2715 0 6
2716 0 7
2717 0 7
2718 0 7
2719 0 7
2720 0 6
2721 0 7
2722 0 7
2723 0 7
2724 0 7
2725 0 6
2726 0 6
2727 0 7
2728 0 7
2729 0 7
2730 0 7
2731 0 7
2732 0 7
2733 0 6
2734 0 7
2735 0 6
2736 0 7
2737 0 7
2738 0 7
2739 0 7
2740 0 7
2741 0 6
2742 0 7
2743 0 7
2744 0 7
2745 0 7
2746 0 7
2747 0 7
2748 0 6
2749 0 7
2750 0 7
2751 0 7
2752 0 7
2753 0 7
2754 0 7
2755 0 7
2756 0 7
2757 0 7
2758 0 7
2759 0 7
2760 0 7
2761 0 7
2762 0 7
2763 0 7
2764 0 7
2765 0 7
2766 0 7
2767 0 7
2768 0 7
2769 0 7
2770 0 7
2771 0 7
2772 0 7
2773 0 7
2774 0 7
2775 0 7
2776 0 7
2777 0 7
2778 0 7
2779 0 7
2780 0 7
2781 0 7
2782 0 7
2783 0 7
2784 0 7
2785 0 7
2786 0 7
2787 0 7
2788 0 7
2789 0 7
2790 0 7
2791 0 7
2792 0 7
2793 0 7
2794 0 7
2795 0 7
2796 0 7
2797 0 8
2798 0 8
2799 0 7
2800 0 7
2801 0 7
2802 0 7
2803 0 7
2804 0 7
2805 0 7
2806 0 7
2807 0 7
2808 0 7
2809 0 7
2810 0 7
2811 0 7
2812 0 7
2813 0 7
2814 0 7
2815 0 7
2816 0 7
2817 0 7
2818 0 7
2819 0 7
2820 0 7
2821 0 8
2822 0 7
2823 0 7
2824 0 7
2825 0 7
2826 0 7
2827 0 7
2828 0 7
2829 0 7
2830 0 7
2831 0 7
2832 0 7
2833 0 7
2834 0 7
2835 0 7
2836 0 7
2837 0 7
2838 0 7
2839 0 7
2840 0 7
2841 0 7
2842 0 7
2843 0 7
2844 0 7
2845 0 7
2846 0 7
2847 0 7
2848 0 7
2849 0 7
2850 0 7
2851 0 7
2852 0 7
2853 0 7
2854 0 8
2855 0 8
2856 0 8
2857 0 7
2858 0 7
2859 0 8
2860 0 8
2861 0 8
2862 0 8
2863 0 8
2864 0 8
2865 0 8
2866 0 8
2867 0 8
2868 0 8
2869 0 8
2870 0 8
2871 0 7
2872 0 7
2873 0 7
2874 0 7
2875 0 7
2876 0 7
2877 0 7
2878 0 8
2879 0 8
2880 0 9
2881 0 8
2882 0 9
2883 0 8
2884 0 8
2885 0 8
2886 0 8
2887 0 8
2888 0 8
2889 0 7
2890 0 8
2891 0 8
2892 0 8
2893 0 8
2894 0 7
2895 0 8
2896 0 8
2897 0 10
2898 0 8
2899 0 7
2900 0 7
2901 0 8
2902 0 8
2903 0 8
2904 0 8
2905 0 8
2906 0 8
2907 0 8
2908 0 8
2909 0 8
2910 0 8
2911 0 8
2912 0 8
2913 0 8
2914 0 8
2915 0 8
2916 0 8
2917 0 8
2918 0 8
2919 0 8
2920 0 8
2921 0 8
2922 0 8
2923 0 8
2924 0 8
2925 0 8
2926 0 7
2927 0 7
2928 0 7
2929 0 8
2930 0 8
2931 0 8
2932 0 8
2933 0 7
2934 0 7
2935 0 8
2936 0 8
2937 0 8
2938 0 8
2939 0 8
2940 0 8
2941 0 8
2942 0 8
2943 0 8
2944 0 7
2945 0 8
2946 0 8
2947 0 8
2948 0 8
2949 0 8
2950 0 8
2951 0 8
2952 0 8
2953 0 8
2954 0 8
2955 0 8
2956 0 8
2957 0 8
2958 0 8
2959 0 8
2960 0 8
2961 0 8
2962 0 8
2963 0 8
2964 0 8
2965 0 8
2966 0 8
2967 0 8
2968 0 8
2969 0 8
2970 0 8
2971 0 8
2972 0 8
2973 0 8
2974 0 8
2975 0 8
2976 0 8
2977 0 9
2978 0 8
2979 0 8
2980 0 8
2981 0 8
2982 0 8
2983 0 8
2984 0 8
2985 0 8
2986 0 8
2987 0 8
2988 0 8
2989 0 8
2990 0 8
2991 0 8
2992 0 8
2993 0 8
2994 0 8
2995 0 8
2996 0 8
2997 0 8
2998 0 8
2999 0 8
3000 0 8
3001 0 8
3002 0 8
3003 0 9
3004 0 8
3005 0 8
3006 0 9
3007 0 8
3008 0 8
3009 0 8
3010 0 9
3011 0 8
3012 0 8
3013 0 8
3014 0 8
3015 0 9
3016 0 8
3017 0 8
3018 0 8
3019 0 9
3020 0 8
3021 0 8
3022 0 8
3023 0 8
3024 0 9
3025 0 9
3026 0 8
3027 0 9
3028 0 8
3029 0 8
3030 0 8
3031 0 9
3032 0 8
3033 0 8
3034 0 9
3035 0 8
3036 0 8
3037 0 8
3038 0 9
3039 0 8
3040 0 8
3041 0 8
3042 0 8
3043 0 9
3044 0 8
3045 0 9
3046 0 9
3047 0 8
3048 0 8
3049 0 9
3050 0 8
3051 0 8
3052 0 8
3053 0 9
3054 0 8
3055 0 9
3056 0 8
3057 0 9
3058 0 9
3059 0 9
3060 0 8
3061 0 8
3062 0 9
3063 0 8
3064 0 8
3065 0 9
3066 0 9
3067 0 9
3068 0 9
3069 0 9
3070 0 9
3071 0 9
3072 0 9
3073 0 9
3074 0 9
3075 0 8
3076 0 9
3077 0 9
3078 0 9
3079 0 8
3080 0 9
3081 0 9
3082 0 9
3083 0 9
3084 0 9
3085 0 9
3086 0 9
3087 0 9
3088 0 9
3089 0 9
3090 0 9
3091 0 9
3092 0 9
3093 0 9
3094 0 9
3095 0 8
3096 0 9
3097 0 9
3098 0 9
3099 0 9
3100 0 9
3101 0 9
3102 0 9
3103 0 9
3104 0 9
3105 0 9
3106 0 9
3107 0 9
3108 0 9
3109 0 9
3110 0 9
3111 0 9
3112 0 9
3113 0 9
3114 0 9
3115 0 9
3116 0 9
3117 0 9
3118 0 9
3119 0 9
3120 0 9
3121 0 9
3122 0 9
3123 0 10
3124 0 9
3125 0 9
3126 0 9
3127 0 9
3128 0 9
3129 0 9
3130 0 9
3131 0 9
3132 0 9
3133 0 9
3134 0 9
3135 0 10
3136 0 9
3137 0 9
3138 0 9
3139 0 9
3140 0 9
3141 0 9
3142 0 9
3143 0 11
3144 0 9
3145 0 9
3146 0 9
3147 0 9
3148 0 10
3149 0 9
3150 0 9
3151 0 9
3152 0 10
3153 0 9
3154 0 9
3155 0 9
3156 0 9
3157 0 9
3158 0 9
3159 0 9
3160 0 9
3161 0 9
3162 0 9
3163 0 9
3164 0 9
3165 0 9
3166 0 9
3167 0 9
3168 0 9
3169 0 9
3170 0 9
3171 0 9
3172 0 9
3173 0 9
3174 0 9
3175 0 9
3176 0 9
3177 0 9
3178 0 9
3179 0 9
3180 0 10
3181 0 10
3182 0 9
3183 0 9
3184 0 9
3185 0 9
3186 0 9
3187 0 9
3188 0 9
3189 0 9
3190 0 9
3191 0 9
3192 0 9
3193 0 9
3194 0 9
3195 0 9
3196 0 9
3197 0 9
3198 0 9
3199 0 9
3200 0 9
3201 0 9
3202 0 9
3203 0 9
3204 0 9
3205 0 9
3206 0 9
3207 0 9
3208 0 9
3209 0 9
3210 0 9
3211 0 9
3212 0 9
3213 0 9
3214 0 9
3215 0 9
3216 0 9
3217 0 9
3218 0 9
3219 0 9
3220 0 9
3221 0 9
3222 0 9
3223 0 9
3224 0 9
3225 0 9
3226 0 9
3227 0 9
3228 0 10
3229 0 9
3230 0 9
3231 0 9
3232 0 10
3233 0 10
3234 0 10
3235 0 10
3236 0 10
3237 0 10
3238 0 10
3239 0 10
3240 0 10
3241 0 9
3242 0 9
3243 0 10
3244 0 10
3245 0 10
3246 0 9
3247 0 10
3248 0 9
3249 0 10
3250 0 9
3251 0 10
3252 0 10
3253 0 10
3254 0 10
3255 0 10
3256 0 10
3257 0 10
3258 0 9
3259 0 9
3260 0 10
3261 0 10
3262 0 10
3263 0 10
3264 0 10
3265 0 10
3266 0 10
3267 0 10
3268 0 10
3269 0 10
3270 0 10
3271 0 10
3272 0 10
3273 0 10
3274 0 10
3275 0 10
3276 0 10
3277 0 10
3278 0 10
3279 0 10
3280 0 10
3281 0 10
3282 0 10
3283 0 10
3284 0 10
3285 0 9
3286 0 10
3287 0 10
3288 0 10
3289 0 11
3290 0 13
3291 1 13
3292 0 11
3293 0 10
3294 0 10
3295 0 11
3296 0 10
3297 0 11
3298 0 10
3299 0 10
3300 0 10
3301 0 10
3302 0 10
3303 0 10
3304 0 10
3305 0 10
3306 0 10
3307 0 11
3308 0 12
3309 0 10
3310 0 10
3311 0 10
3312 0 10
3313 0 10
3314 0 10
3315 0 10
3316 0 10
3317 0 10
3318 0 10
3319 0 10
3320 0 10
3321 0 10
3322 0 10
3323 0 10
3324 0 10
3325 0 10
3326 0 12
3327 0 10
3328 0 10
3329 0 10
3330 0 10
3331 0 11
3332 0 10
3333 0 10
3334 0 10
3335 0 10
3336 0 10
3337 0 10
3338 0 11
3339 0 10
3340 0 10
3341 0 10
3342 0 12
3343 0 10
3344 0 10
3345 0 10
3346 0 10
3347 0 10
3348 0 10
3349 0 10
3350 0 10
3351 0 10
3352 0 11
3353 0 10
3354 0 12
3355 0 11
3356 0 10
3357 0 10
3358 0 10
3359 0 10
3360 0 10
3361 0 10
3362 0 10
3363 0 10
3364 0 11
3365 0 11
3366 0 11
3367 0 10
3368 0 11
3369 0 11
3370 0 11
3371 0 13
3372 0 10
3373 0 10
3374 0 10
3375 0 11
3376 0 10
3377 0 10
3378 0 10
3379 0 10
3380 0 11
3381 0 11
3382 0 10
3383 0 11
3384 0 10
3385 0 11
3386 0 11
3387 0 13
3388 0 11
3389 0 11
3390 0 11
3391 0 11
3392 0 10
3393 0 10
3394 0 11
3395 0 11
3396 0 10
3397 0 10
3398 0 11
3399 0 11
3400 0 12
3401 0 11
3402 0 11
3403 0 11
3404 0 11
3405 0 11
3406 0 11
3407 0 11
3408 0 11
3409 0 11
3410 0 11
3411 0 11
3412 0 11
3413 0 11
3414 0 11
3415 0 11
3416 0 11
3417 0 11
3418 0 11
3419 0 11
3420 0 11
3421 0 11
3422 0 11
3423 0 11
3424 0 11
3425 0 11
3426 1 11
3427 0 11
3428 0 11
3429 0 11
3430 0 11
3431 0 11
3432 0 11
3433 0 11
3434 0 11
3435 0 11
3436 0 11
3437 0 11
3438 0 11
3439 0 11
3440 0 11
3441 0 11
3442 0 11
3443 0 11
3444 0 11
3445 0 11
3446 0 11
3447 0 11
3448 0 11
3449 0 11
3450 0 11
3451 1 12
3452 0 11
3453 0 11
3454 0 11
3455 0 11
3456 0 11
3457 0 11
3458 0 11
3459 0 11
3460 0 11
3461 0 11
3462 0 11
3463 0 11
3464 0 11
3465 0 11
3466 0 11
3467 0 11
3468 0 11
3469 0 11
3470 0 11
3471 0 11
3472 0 11
3473 0 11
3474 0 11
3475 0 11
3476 0 11
3477 0 11
3478 0 11
3479 0 11
3480 0 11
3481 0 11
3482 0 11
3483 0 11
3484 0 11
3485 0 11
3486 0 12
3487 0 12
3488 0 11
3489 0 11
3490 0 11
3491 0 12
3492 1 12
3493 0 11
3494 0 11
3495 0 11
3496 0 11
3497 0 12
3498 0 12
3499 0 11
3500 0 11
3501 0 11
3502 0 11
3503 0 14
3504 0 11
3505 0 12
3506 0 11
3507 0 11
3508 0 13
3509 0 12
3510 1 12
3511 0 12
3512 0 12
3513 0 13
3514 0 11
3515 0 13
3516 1 13
3517 0 12
3518 1 12
3519 1 13
3520 0 13
3521 0 13
3522 0 12
3523 0 12
3524 1 13
3525 1 14
3526 0 13
3527 0 12
3528 0 12
3529 0 12
3530 0 13
3531 0 13
3532 0 12
3533 0 12
3534 1 12
3535 0 12
3536 0 14
3537 1 13
3538 0 12
3539 0 12
3540 0 12
3541 0 12
3542 1 13
3543 1 13
3544 1 12
3545 1 12
3546 1 13
3547 1 15
3548 1 13
3549 1 13
3550 1 13
3551 1 14
3552 1 16
3553 0 13
3554 0 12
3555 0 12
3556 1 12
3557 0 13
3558 0 13
3559 0 13
3560 1 14
3561 0 12
3562 0 12
3563 0 12
3564 0 12
3565 0 12
3566 0 12
3567 0 12
3568 0 12
3569 0 12
3570 0 12
3571 0 12
3572 0 12
3573 0 13
3574 0 12
3575 0 12
3576 0 12
3577 0 12
3578 0 12
3579 0 12
3580 0 12
3581 0 12
3582 0 12
3583 1 14
3584 0 12
3585 0 12
3586 0 12
3587 0 12
3588 0 12
3589 0 12
3590 0 12
3591 0 12
3592 0 12
3593 0 12
3594 0 12
3595 0 12
3596 0 12
3597 0 12
3598 0 12
3599 0 12
3600 0 12
3601 0 12
3602 0 12
3603 0 12
3604 0 12
3605 0 12
3606 0 12
3607 0 12
3608 0 12
3609 0 12
3610 0 12
3611 0 12
3612 0 12
3613 1 14
3614 0 12
3615 0 12
3616 0 12
3617 0 13
3618 0 12
3619 0 13
3620 1 13
3621 0 13
3622 1 14
3623 1 13
3624 1 13
3625 1 13
3626 1 13
3627 1 13
3628 1 13
3629 0 13
3630 0 12
3631 0 12
3632 0 12
3633 1 14
3634 0 12
3635 0 12
3636 1 12
3637 0 12
3638 1 12
3639 0 12
3640 0 12
3641 0 12
3642 0 12
3643 0 12
3644 0 12
3645 1 12
3646 0 12
3647 1 12
3648 0 12
3649 0 13
3650 0 12
3651 0 12
3652 0 12
3653 0 12
3654 0 13
3655 1 14
3656 0 13
3657 0 13
3658 1 14
3659 1 14
3660 1 13
3661 1 13
3662 0 13
3663 1 13
3664 0 13
3665 0 13
3666 0 13
3667 0 13
3668 0 13
3669 0 13
3670 0 13
3671 0 13
3672 0 13
3673 1 13
3674 0 13
3675 0 13
3676 0 13
3677 1 13
3678 1 13
3679 1 13
3680 0 13
3681 0 13
3682 1 13
3683 0 13
3684 0 13
3685 1 14
3686 0 13
3687 1 13
3688 0 13
3689 0 13
3690 0 13
3691 0 13
3692 0 13
3693 0 13
3694 1 13
3695 0 13
3696 1 13
3697 1 13
3698 0 13
3699 0 14
3700 1 13
3701 1 13
3702 1 13
3703 1 13
3704 1 13
3705 0 13
3706 1 13
3707 0 13
3708 0 13
3709 1 13
3710 0 13
3711 1 13
3712 1 13
3713 0 13
3714 1 13
3715 0 13
3716 1 13
3717 0 13
3718 1 13
3719 0 13
3720 1 13
3721 0 13
3722 0 13
3723 0 13
3724 1 13
3725 1 13
3726 1 13
3727 0 13
3728 1 13
3729 0 13
3730 1 13
3731 1 13
3732 0 13
3733 1 13
3734 0 13
3735 0 13
3736 1 14
3737 0 14
3738 1 13
3739 1 13
3740 1 15
3741 1 15
3742 1 13
3743 1 14
3744 1 14
3745 1 14
3746 1 14
3747 0 13
3748 0 13
3749 1 13
3750 1 13
3751 0 14
3752 1 14
3753 1 14
3754 1 13
3755 1 14
3756 1 14
3757 1 15
3758 1 13
3759 1 13
3760 1 13
3761 1 13
3762 1 14
3763 1 14
3764 1 14
3765 1 13
3766 1 14
3767 1 14
3768 1 13
3769 1 13
3770 1 13
3771 1 13
3772 1 13
3773 1 13
3774 1 13
3775 1 14
3776 1 13
3777 1 14
3778 1 14
3779 1 15
3780 1 15
3781 1 15
3782 1 15
3783 1 14
3784 1 14
3785 1 14
3786 1 14
3787 1 14
3788 1 14
3789 1 14
3790 1 14
3791 1 14
3792 1 14
3793 1 13
3794 1 15
3795 1 14
3796 1 14
3797 1 14
3798 1 14
3799 1 14
3800 1 14
3801 1 14
3802 1 14
3803 1 14
3804 1 14
3805 1 14
3806 1 14
3807 1 14
3808 1 14
3809 1 14
3810 1 14
3811 1 14
3812 1 14
3813 1 14
3814 1 14
3815 1 14
3816 1 14
3817 1 14
3818 1 14
3819 1 15
3820 1 16
3821 1 15
3822 1 16
3823 1 15
3824 1 14
3825 1 15
3826 1 14
3827 1 14
3828 1 14
3829 1 14
3830 1 14
3831 1 15
3832 1 16
3833 1 19
3834 1 19
3835 1 15
3836 1 14
3837 1 14
3838 1 14
3839 1 14
3840 1 14
3841 1 14
3842 1 14
3843 1 15
3844 1 14
3845 1 14
3846 1 14
3847 1 15
3848 1 16
3849 1 16
3850 1 15
3851 1 14
3852 1 14
3853 1 14
3854 1 14
3855 1 15
3856 1 16
3857 1 16
3858 1 15
3859 1 15
3860 1 15
3861 1 15
3862 1 15
3863 1 15
3864 1 15
3865 1 15
3866 1 15
3867 1 15
3868 1 15
3869 1 14
3870 1 14
3871 1 14
3872 1 14
3873 1 14
3874 1 14
3875 1 15
3876 1 14
3877 1 14
3878 1 14
3879 1 14
3880 1 14
3881 1 15
3882 1 14
3883 1 14
3884 1 14
3885 1 14
3886 1 14
3887 1 14
3888 1 14
3889 1 15
3890 1 14
3891 1 14
3892 1 14
3893 1 14
3894 1 15
3895 1 14
3896 1 15
3897 1 14
3898 1 15
3899 1 15
3900 1 15
3901 1 14
3902 1 15
3903 1 15
3904 1 15
3905 1 15
3906 1 15
3907 1 14
3908 1 15
3909 1 15
3910 1 15
3911 1 15
3912 1 14
3913 1 15
3914 1 15
3915 1 15
3916 1 14
3917 1 15
3918 1 15
3919 1 14
3920 1 14
3921 1 15
3922 1 15
3923 1 15
3924 1 15
3925 1 15
3926 1 15
3927 1 15
3928 1 15
3929 1 15
3930 1 15
3931 1 15
3932 1 15
3933 1 15
3934 1 15
3935 1 14
3936 1 14
3937 1 15
3938 1 15
3939 1 15
3940 1 15
3941 1 15
3942 1 15
3943 1 15
3944 1 15
3945 1 15
3946 1 15
3947 1 15
3948 1 15
3949 1 15
3950 1 15
3951 1 15
3952 1 15
3953 1 15
3954 1 15
3955 1 15
3956 1 15
3957 1 15
3958 1 15
3959 1 15
3960 1 15
3961 1 15
3962 1 15
3963 1 15
3964 1 15
3965 1 15
3966 1 15
3967 1 15
3968 1 15
3969 1 15
3970 1 15
3971 1 15
3972 1 15
3973 1 15
3974 1 15
3975 1 15
3976 1 15
3977 1 15
3978 1 15
3979 1 15
3980 1 16
3981 1 15
3982 1 15
3983 1 15
3984 1 15
3985 1 15
3986 1 15
3987 1 15
3988 1 15
3989 1 16
3990 1 15
3991 1 16
3992 1 15
3993 1 16
3994 1 15
3995 1 15
3996 1 15
3997 1 16
3998 1 15
3999 1 15
4000 1 15
4001 1 16
4002 1 16
4003 1 16
4004 1 16
4005 1 17
4006 1 16
4007 1 17
4008 1 16
4009 1 16
4010 1 16
4011 1 16
4012 1 17
4013 1 16
4014 1 16
4015 1 15
4016 1 15
4017 1 16
4018 1 16
4019 1 16
4020 1 16
4021 1 16
4022 1 16
4023 1 16
4024 1 16
4025 1 16
4026 1 16
4027 1 16
4028 1 16
4029 1 16
4030 1 16
4031 1 16
4032 1 16
4033 1 16
4034 1 19
4035 1 17
4036 1 17
4037 1 17
4038 1 17
4039 1 17
4040 1 16
4041 1 16
4042 1 17
4043 1 16
4044 1 17
4045 1 18
4046 1 17
4047 1 17
4048 1 17
4049 1 17
4050 1 17
4051 1 17
4052 1 17
4053 1 17
4054 1 18
4055 1 17
4056 1 17
4057 1 17
4058 1 17
4059 1 17
4060 1 17
4061 1 17
4062 1 17
4063 1 17
4064 1 17
4065 1 17
4066 1 18
4067 1 17
4068 1 17
4069 1 17
4070 1 17
4071 1 17
4072 1 17
4073 1 17
4074 1 17
4075 1 17
4076 1 17
4077 1 17
4078 1 17
4079 1 17
4080 1 17
4081 1 17
4082 1 17
4083 1 17
4084 1 17
4085 1 17
4086 1 17
4087 1 17
4088 1 18
4089 1 17
4090 1 17
4091 1 17
4092 1 17
4093 1 17
4094 1 17
4095 1 18
4096 1 17
4097 1 17
4098 1 19
4099 1 16
4100 1 16
4101 1 16
4102 1 16
4103 1 16
4104 1 17
4105 1 16
4106 1 16
4107 1 16
4108 1 16
4109 1 18
4110 1 16
4111 1 17
4112 1 16
4113 1 17
4114 1 16
4115 1 17
4116 1 16
4117 1 16
4118 1 16
4119 1 18
4120 1 17
4121 1 17
4122 1 17
4123 1 17
4124 1 17
4125 1 17
4126 1 17
4127 1 16
4128 1 17
4129 1 17
4130 1 17
4131 1 17
4132 1 17
4133 1 17
4134 1 16
4135 1 17
4136 1 17
4137 1 17
4138 1 16
4139 1 17
4140 1 17
4141 1 17
4142 1 17
4143 1 17
4144 1 17
4145 1 17
4146 1 19
4147 1 19
4148 1 17
4149 1 17
4150 1 17
4151 1 17
4152 1 17
4153 1 17
4154 1 17
4155 1 17
4156 1 17
4157 1 17
4158 1 17
4159 1 17
4160 1 17
4161 1 17
4162 1 19
4163 1 17
4164 1 17
4165 1 17
4166 1 17
4167 1 17
4168 1 17
4169 1 17
4170 1 17
4171 1 17
4172 1 17
4173 1 17
4174 1 17
4175 1 17
4176 1 17
4177 1 18
4178 1 17
4179 1 18
4180 1 17
4181 1 17
4182 1 17
4183 1 17
4184 1 17
4185 1 17
4186 1 18
4187 1 20
4188 1 17
4189 1 18
4190 1 17
4191 1 17
4192 1 17
4193 1 17
4194 1 17
4195 1 18
4196 1 18
4197 1 19
4198 1 18
4199 1 17
4200 1 18
4201 1 17
4202 1 17
4203 1 17
4204 1 17
4205 1 17
4206 1 17
4207 1 18
4208 1 17
4209 1 17
4210 1 17
4211 1 17
4212 1 17
4213 1 21
4214 1 19
4215 1 18
4216 1 19
4217 1 18
4218 1 17
4219 1 17
4220 1 18
4221 1 17
4222 1 17
4223 1 17
4224 1 18
4225 1 18
4226 1 18
4227 1 18
4228 1 17
4229 1 18
4230 1 17
4231 1 18
4232 1 17
4233 1 18
4234 1 18
4235 1 18
4236 1 18
4237 1 18
4238 1 18
4239 1 18
4240 1 18
4241 1 18
4242 1 18
4243 1 18
4244 1 18
4245 1 18
4246 1 18
4247 1 18
4248 1 18
4249 1 18
4250 1 18
4251 1 18
4252 1 18
4253 1 18
4254 1 18
4255 1 18
4256 1 19
4257 1 18
4258 1 18
4259 1 18
4260 1 18
4261 1 18
4262 1 18
4263 1 18
4264 1 18
4265 1 18
4266 1 18
4267 1 18
4268 1 19
4269 1 18
4270 1 18
4271 1 19
4272 1 18
4273 1 18
4274 1 18
4275 1 18
4276 1 19
4277 1 18
4278 1 18
4279 1 19
4280 1 18
4281 1 18
4282 1 18
4283 1 19
4284 1 19
4285 1 18
4286 1 18
4287 1 18
4288 1 19
4289 1 18
4290 1 18
4291 1 18
4292 1 18
4293 1 18
4294 1 19
4295 1 18
4296 1 20
4297 1 18
4298 1 18
4299 1 19
4300 1 19
4301 1 19
4302 1 19
4303 1 19
4304 1 19
4305 1 19
4306 1 19
4307 1 19
4308 1 18
4309 1 19
4310 1 19
4311 1 18
4312 1 19
4313 1 19
4314 1 19
4315 1 19
4316 1 19
4317 1 19
4318 1 18
4319 1 19
4320 1 19
4321 1 18
4322 1 19
4323 1 19
4324 1 19
4325 1 18
4326 1 19
4327 1 19
4328 1 19
4329 1 19
4330 1 19
4331 1 19
4332 1 18
4333 1 19
4334 1 19
4335 1 19
4336 1 19
4337 1 19
4338 1 19
4339 1 19
4340 1 19
4341 1 19
4342 1 19
4343 1 19
4344 1 19
4345 1 19
4346 1 19
4347 1 19
4348 1 19
4349 1 19
4350 1 19
4351 1 19
4352 1 19
4353 1 19
4354 1 19
4355 1 19
4356 1 20
4357 1 19
4358 1 19
4359 1 19
4360 1 19
4361 1 19
4362 1 19
4363 1 19
4364 1 19
4365 1 19
4366 1 19
4367 1 19
4368 1 19
4369 1 19
4370 1 20
4371 1 19
4372 1 19
4373 1 19
4374 1 19
4375 1 19
4376 1 19
4377 1 19
4378 1 19
4379 1 19
4380 1 19
4381 1 19
4382 1 19
4383 1 19
4384 1 19
4385 1 19
4386 1 19
4387 1 19
4388 1 19
4389 1 19
4390 1 19
4391 1 19
4392 1 19
4393 1 19
4394 1 19
4395 1 19
4396 1 19
4397 1 19
4398 1 19
4399 1 19
4400 1 19
4401 1 19
4402 1 20
4403 1 19
4404 1 19
4405 1 19
4406 1 19
4407 1 19
4408 1 19
4409 1 19
4410 1 19
4411 1 19
4412 1 20
4413 1 19
4414 1 20
4415 1 20
4416 1 20
4417 1 20
4418 1 20
4419 1 19
4420 1 20
4421 1 20
4422 1 20
4423 1 21
4424 1 20
4425 1 20
4426 1 19
4427 1 19
4428 1 20
4429 1 20
4430 1 19
4431 1 20
4432 1 20
4433 1 20
4434 1 20
4435 1 20
4436 1 23
4437 1 26
4438 2 30
4439 1 22
4440 1 25
4441 1 22
4442 1 22
4443 1 22
4444 1 21
4445 1 22
4446 1 21
4447 1 21
4448 1 22
4449 1 22
4450 1 21
4451 1 21
4452 1 21
4453 1 21
4454 1 21
4455 1 21
4456 1 21
4457 1 21
4458 1 21
4459 1 21
4460 1 22
4461 1 22
4462 1 21
4463 1 21
4464 1 21
4465 1 21
4466 1 22
4467 1 21
4468 1 21
4469 1 21
4470 1 21
4471 1 21
4472 1 21
4473 1 22
4474 1 21
4475 1 21
4476 1 21
4477 1 21
4478 1 22
4479 1 21
4480 1 21
4481 1 21
4482 1 21
4483 1 21
4484 1 21
4485 1 22
4486 1 21
4487 1 21
4488 1 25
4489 1 22
4490 1 21
4491 1 22
4492 1 21
4493 1 21
4494 1 21
4495 1 21
4496 1 22
4497 1 21
4498 1 21
4499 1 21
4500 1 21
4501 1 21
4502 1 21
4503 1 21
4504 1 23
4505 1 21
4506 1 22
4507 1 22
4508 1 22
4509 1 21
4510 1 21
4511 1 21
4512 1 22
4513 1 21
4514 1 21
4515 1 22
4516 1 21
4517 1 20
4518 1 21
4519 1 21
4520 1 21
4521 1 21
4522 1 22
4523 1 21
4524 1 21
4525 1 21
4526 1 21
4527 1 22
4528 1 21
4529 1 21
4530 1 21
4531 1 21
4532 1 22
4533 1 21
4534 1 21
4535 1 21
4536 1 21
4537 1 21
4538 1 20
4539 1 21
4540 1 21
4541 1 21
4542 1 21
4543 1 21
4544 1 21
4545 1 21
4546 1 21
4547 1 21
4548 1 21
4549 1 21
4550 1 20
4551 1 21
4552 1 21
4553 1 21
4554 1 21
4555 1 22
4556 1 21
4557 1 22
4558 1 21
4559 1 21
4560 1 21
4561 1 21
4562 1 21
4563 1 21
4564 1 21
4565 1 21
4566 1 21
4567 1 22
4568 1 21
4569 1 21
4570 1 21
4571 1 21
4572 1 21
4573 1 21
4574 1 21
4575 1 21
4576 1 21
4577 1 21
4578 1 21
4579 1 21
4580 1 21
4581 1 21
4582 1 23
4583 1 22
4584 1 21
4585 1 21
4586 1 21
4587 1 22
4588 1 21
4589 1 21
4590 1 21
4591 1 21
4592 1 21
4593 1 21
4594 1 21
4595 1 22
4596 1 21
4597 1 21
4598 1 21
4599 1 21
4600 1 21
4601 1 21
4602 1 23
4603 1 21
4604 1 21
4605 1 25
4606 1 22
4607 1 23
4608 1 22
4609 1 22
4610 1 22
4611 1 23
4612 1 22
4613 1 22
4614 1 23
4615 1 24
4616 1 23
4617 1 21
4618 1 22
4619 1 22
4620 1 21
4621 1 22
4622 1 22
4623 1 23
4624 1 23
4625 1 22
4626 1 21
4627 1 22
4628 1 22
4629 1 22
4630 1 22
4631 1 22
4632 1 22
4633 1 24
4634 1 22
4635 1 22
4636 1 22
4637 1 22
4638 1 21
4639 1 22
4640 1 22
4641 1 21
4642 1 22
4643 1 23
4644 1 22
4645 1 22
4646 1 22
4647 1 22
4648 1 22
4649 1 22
4650 1 22
4651 1 23
4652 1 22
4653 1 23
4654 1 23
4655 1 23
4656 1 22
4657 1 23
4658 1 23
4659 1 23
4660 1 23
4661 1 23
4662 1 23
4663 1 23
4664 1 23
4665 1 23
4666 1 23
4667 1 23
4668 1 23
4669 1 23
4670 1 23
4671 1 24
4672 1 23
4673 1 23
4674 1 23
4675 1 23
4676 1 23
4677 1 24
4678 1 23
4679 1 28
4680 1 26
4681 1 24
4682 1 23
4683 1 24
4684 1 23
4685 1 23
4686 1 23
4687 1 24
4688 1 23
4689 1 24
4690 1 24
4691 1 24
4692 1 23
4693 1 24
4694 1 24
4695 1 23
4696 1 23
4697 1 24
4698 1 25
4699 1 23
4700 1 24
4701 1 24
4702 1 24
4703 1 23
4704 1 24
4705 1 24
4706 1 24
4707 1 23
4708 1 24
4709 1 24
4710 1 24
4711 1 24
4712 1 24
4713 1 24
4714 1 24
4715 1 24
4716 1 24
4717 1 24
4718 1 24
4719 1 24
4720 1 24
4721 1 24
4722 1 24
4723 1 24
4724 1 24
4725 1 24
4726 1 24
4727 1 24
4728 1 25
4729 1 24
4730 1 24
4731 1 24
4732 1 24
4733 1 23
4734 1 24
4735 1 25
4736 1 24
4737 1 23
4738 1 23
4739 1 23
4740 1 23
4741 1 23
4742 1 23
4743 1 22
4744 1 23
4745 1 23
4746 1 23
4747 1 23
4748 1 23
4749 1 23
4750 1 23
4751 1 24
4752 1 23
4753 1 24
4754 1 23
4755 1 23
4756 1 23
4757 1 23
4758 1 23
4759 1 23
4760 1 24
4761 1 25
4762 1 24
4763 1 24
4764 1 23
4765 1 23
4766 1 24
4767 1 24
4768 1 25
4769 1 24
4770 1 25
4771 1 24
4772 1 24
4773 1 25
4774 1 24
4775 1 24
4776 1 24
4777 1 24
4778 1 25
4779 1 24
4780 1 24
4781 1 24
4782 1 24
4783 1 23
4784 1 24
4785 1 23
4786 1 24
4787 1 24
4788 1 24
4789 1 24
4790 1 25
4791 1 26
4792 1 29
4793 2 32
4794 1 26
4795 1 25
4796 1 29
4797 2 29
4798 2 30
4799 2 32
4800 1 28
4801 1 27
4802 2 34
4803 1 24
4804 1 25
4805 1 25
4806 1 24
4807 1 23
4808 1 23
4809 1 23
4810 1 24
4811 1 26
4812 1 23
4813 1 24
4814 1 24
4815 1 24
4816 1 24
4817 1 23
4818 1 24
4819 1 24
4820 1 24
4821 1 23
4822 1 24
4823 1 24
4824 1 24
4825 1 25
4826 1 25
4827 1 25
4828 1 25
4829 1 25
4830 1 25
4831 1 26
4832 1 26
4833 1 25
4834 1 25
4835 1 25
4836 1 24
4837 1 24
4838 1 24
4839 1 24
4840 1 25
4841 1 24
4842 1 27
4843 1 24
4844 1 24
4845 1 24
4846 1 24
4847 1 25
4848 1 25
4849 1 24
4850 1 24
4851 1 24
4852 1 24
4853 1 25
4854 1 24
4855 1 25
4856 1 25
4857 1 25
4858 1 26
4859 1 24
4860 1 24
4861 1 24
4862 1 24
4863 1 25
4864 1 24
4865 1 25
4866 1 25
4867 1 24
4868 1 25
4869 1 24
4870 1 25
4871 1 26
4872 1 25
4873 1 26
4874 1 26
4875 1 26
4876 1 25
4877 1 26
4878 1 26
4879 1 26
4880 1 26
4881 1 26
4882 1 26
4883 1 26
4884 1 26
4885 1 25
4886 1 26
4887 1 26
4888 1 25
4889 1 28
4890 1 25
4891 1 26
4892 1 26
4893 1 26
4894 1 26
4895 2 25
4896 2 26
4897 1 26
4898 1 26
4899 1 26
4900 1 26
4901 1 26
4902 1 26
4903 1 27
4904 1 27
4905 1 30
4906 1 26
4907 1 26
4908 2 26
4909 1 26
4910 1 26
4911 1 25
4912 1 25
4913 1 25
4914 1 25
4915 1 25
4916 1 25
4917 1 25
4918 1 25
4919 1 25
4920 1 26
4921 1 26
4922 1 25
4923 1 25
4924 1 25
4925 1 25
4926 1 25
4927 1 26
4928 1 25
4929 1 25
4930 1 25
4931 1 26
4932 1 25
4933 1 25
4934 1 25
4935 1 25
4936 1 25
4937 1 25
4938 1 25
4939 1 25
4940 1 25
4941 1 25
4942 1 25
4943 1 25
4944 1 25
4945 1 25
4946 1 25
4947 1 25
4948 1 26
4949 2 25
4950 1 25
4951 1 26
4952 1 27
4953 2 26
4954 1 25
4955 1 26
4956 1 26
4957 1 25
4958 1 25
4959 1 25
4960 1 26
4961 1 26
4962 1 26
4963 1 25
4964 1 26
4965 1 26
4966 1 26
4967 1 26
4968 1 26
4969 1 26
4970 1 26
4971 1 25
4972 1 26
4973 1 27
4974 1 27
4975 1 26
4976 1 27
4977 1 26
4978 1 26
4979 1 26
4980 1 26
4981 1 26
4982 1 27
4983 2 27
4984 1 26
4985 1 28
4986 1 26
4987 1 25
4988 1 25
4989 1 26
4990 1 26
4991 2 28
4992 1 26
4993 1 28
4994 1 28
4995 1 27
4996 1 26
4997 1 27
4998 1 29
4999 1 26
5000 1 25
5001 1 26
5002 1 26
5003 1 26
5004 1 26
5005 1 26
5006 1 26
5007 1 26
5008 1 25
5009 1 26
5010 1 26
5011 1 26
5012 1 26
5013 1 26
5014 1 26
5015 1 26
5016 1 26
5017 1 26
5018 1 26
5019 1 26
5020 1 26
5021 1 26
5022 1 26
5023 1 26
5024 1 26
5025 1 26
5026 1 26
5027 1 27
5028 1 27
5029 1 26
5030 1 26
5031 1 26
5032 1 27
5033 2 30
5034 1 27
5035 2 40
5036 1 29
5037 1 27
5038 1 27
5039 1 27
5040 2 27
5041 1 26
5042 1 26
5043 1 26
5044 1 28
5045 1 26
5046 1 26
5047 1 27
5048 1 26
5049 1 26
5050 1 26
5051 1 27
5052 1 26
5053 1 26
5054 1 26
5055 1 26
5056 1 27
5057 1 26
5058 1 27
5059 1 26
5060 1 26
5061 1 27
5062 1 26
5063 1 27
5064 1 26
5065 1 27
5066 1 27
5067 1 26
5068 1 26
5069 1 26
5070 1 27
5071 1 26
5072 1 26
5073 1 26
5074 1 27
5075 1 29
5076 1 28
5077 1 29
5078 2 28
5079 1 27
5080 1 28
5081 1 27
5082 1 27
5083 2 28
5084 1 27
5085 1 26
5086 1 27
5087 1 27
5088 1 27
5089 1 27
5090 1 27
5091 1 27
5092 1 26
5093 1 27
5094 1 27
5095 1 27
5096 1 27
5097 1 27
5098 1 27
5099 1 28
5100 1 27
5101 1 27
5102 1 27
5103 1 27
5104 1 27
5105 1 27
5106 1 27
5107 1 27
5108 1 27
5109 1 27
5110 1 27
5111 1 27
5112 1 27
5113 1 29
5114 2 32
5115 2 29
5116 2 29
5117 2 29
5118 2 28
5119 2 28
5120 1 27
5121 1 28
5122 1 27
5123 1 27
5124 1 28
5125 1 27
5126 1 27
5127 1 28
5128 1 27
5129 2 27
5130 1 27
5131 1 27
5132 1 27
5133 1 27
5134 1 28
5135 1 27
5136 1 27
5137 1 28
5138 1 27
5139 1 28
5140 1 29
5141 1 28
5142 1 28
5143 1 28
5144 2 28
5145 1 28
5146 1 28
5147 1 28
5148 2 29
5149 1 28
5150 1 28
5151 1 28
5152 1 29
5153 1 28
5154 1 28
5155 1 28
5156 1 28
5157 1 28
5158 1 28
5159 1 29
5160 2 31
5161 2 29
5162 1 29
5163 1 29
5164 1 28
5165 1 28
5166 1 29
5167 2 29
5168 1 28
5169 2 29
5170 1 27
5171 1 28
5172 2 28
5173 1 28
5174 1 28
5175 2 28
5176 1 27
5177 1 28
5178 1 28
5179 1 28
5180 2 28
5181 1 28
5182 1 28
5183 1 28
5184 1 28
5185 1 28
5186 1 29
5187 1 28
5188 1 28
5189 2 29
5190 1 28
5191 1 28
5192 1 28
5193 2 28
5194 1 28
5195 1 28
5196 1 28
5197 1 28
5198 1 28
5199 1 28
5200 1 28
5201 1 28
5202 1 28
5203 1 28
5204 1 28
5205 1 28
5206 1 28
5207 1 28
5208 2 28
5209 1 28
5210 1 28
5211 1 28
5212 1 28
5213 1 29
5214 1 28
5215 1 28
5216 2 28
5217 1 28
5218 1 28
5219 1 28
5220 1 28
5221 1 28
5222 1 28
5223 1 28
5224 1 28
5225 1 28
5226 1 28
5227 1 29
5228 1 29
5229 2 28
5230 1 28
5231 1 29
5232 1 29
5233 1 29
5234 1 28
5235 1 28
5236 1 29
5237 1 28
5238 1 29
5239 1 28
5240 2 29
5241 2 29
5242 2 29
5243 2 30
5244 1 29
5245 1 28
5246 2 29
5247 2 29
5248 2 29
5249 2 29
5250 2 28
5251 2 29
5252 1 29
5253 1 29
5254 1 29
5255 1 29
5256 2 29
5257 1 29
5258 1 28
5259 1 29
5260 2 29
5261 2 29
5262 2 29
5263 1 29
5264 2 29
5265 2 29
5266 1 29
5267 2 29
5268 2 29
5269 2 30
5270 1 29
5271 2 29
5272 2 29
5273 1 29
5274 2 29
5275 2 30
5276 1 29
5277 2 30
5278 2 29
5279 2 29
5280 2 29
5281 2 30
5282 2 30
5283 1 29
5284 2 30
5285 2 29
5286 2 29
5287 2 30
5288 2 30
5289 2 29
5290 2 30
5291 2 30
5292 2 30
5293 2 29
5294 2 29
5295 2 29
5296 2 29
5297 2 30
5298 1 29
5299 2 30
5300 2 30
5301 2 30
5302 2 30
5303 2 30
5304 2 30
5305 1 29
5306 1 29
5307 2 30
5308 2 30
5309 2 30
5310 2 29
5311 2 30
5312 2 29
5313 2 29
5314 2 30
5315 2 30
5316 2 30
5317 2 30
5318 2 30
5319 2 30
5320 2 30
5321 2 30
5322 2 30
5323 2 30
5324 2 30
5325 2 30
5326 2 30
5327 2 29
5328 1 30
5329 2 30
5330 2 30
5331 2 30
5332 2 29
5333 2 29
5334 2 30
5335 2 29
5336 2 29
5337 2 30
5338 2 29
5339 2 30
5340 2 30
5341 2 30
5342 2 30
5343 2 30
5344 2 31
5345 2 32
5346 2 30
5347 2 30
5348 2 29
5349 2 30
5350 2 30
5351 2 30
5352 2 30
5353 2 30
5354 2 31
5355 2 30
5356 2 31
5357 2 30
5358 2 30
5359 2 30
5360 2 30
5361 2 29
5362 2 31
5363 2 30
5364 2 32
5365 2 31
5366 2 31
5367 2 30
5368 2 30
5369 2 31
5370 2 30
5371 2 30
5372 2 30
5373 2 30
5374 2 31
5375 2 30
5376 2 30
5377 2 30
5378 2 31
5379 2 31
5380 2 30
5381 2 32
5382 2 30
5383 2 31
5384 2 31
5385 2 30
5386 2 31
5387 2 30
5388 2 31
5389 2 30
5390 2 31
5391 2 31
5392 2 31
5393 2 31
5394 2 31
5395 2 31
5396 2 31
5397 2 31
5398 2 30
5399 2 31
5400 2 32
5401 2 34
5402 2 33
5403 2 34
5404 2 32
5405 2 31
5406 2 31
5407 2 32
5408 2 31
5409 2 32
5410 2 31
5411 2 31
5412 2 32
5413 2 32
5414 2 32
5415 2 32
5416 2 32
5417 2 32
5418 2 31
5419 2 31
5420 2 31
5421 2 32
5422 2 32
5423 2 32
5424 2 32
5425 2 32
5426 2 32
5427 2 32
5428 2 32
5429 2 32
5430 2 32
5431 2 31
5432 2 32
5433 2 32
5434 2 31
5435 2 31
5436 2 31
5437 2 31
5438 2 32
5439 2 31
5440 2 31
5441 2 32
5442 2 33
5443 2 32
5444 2 31
5445 2 31
5446 2 31
5447 2 31
5448 2 32
5449 2 31
5450 2 32
5451 2 31
5452 2 32
5453 2 32
5454 2 31
5455 2 31
5456 2 31
5457 2 31
5458 2 31
5459 2 32
5460 2 32
5461 2 32
5462 2 32
5463 2 32
5464 2 32
5465 2 32
5466 2 32
5467 2 33
5468 2 31
5469 2 31
5470 2 32
5471 2 32
5472 2 31
5473 2 32
5474 2 32
5475 2 32
5476 2 31
5477 2 31
5478 2 32
5479 2 33
5480 2 32
5481 2 32
5482 2 32
5483 2 32
5484 2 32
5485 2 32
5486 2 32
5487 2 32
5488 2 32
5489 2 33
5490 2 32
5491 2 31
5492 2 33
5493 2 31
5494 2 32
5495 2 32
5496 2 32
5497 2 32
5498 2 32
5499 2 31
5500 2 32
5501 2 32
5502 2 32
5503 2 32
5504 2 32
5505 2 32
5506 2 32
5507 2 32
5508 2 32
5509 2 32
5510 2 32
5511 2 32
5512 2 32
5513 2 32
5514 2 32
5515 2 32
5516 2 32
5517 2 32
5518 2 32
5519 2 32
5520 2 32
5521 2 32
5522 2 32
5523 2 37
5524 2 32
5525 2 33
5526 2 33
5527 2 32
5528 2 32
5529 2 32
5530 2 32
5531 2 32
5532 2 32
5533 2 32
5534 2 33
5535 2 32
5536 2 32
5537 2 32
5538 2 32
5539 2 32
5540 2 32
5541 2 32
5542 2 32
5543 2 34
5544 2 36
5545 2 33
5546 2 32
5547 2 32
5548 2 33
5549 2 32
5550 2 32
5551 2 32
5552 2 33
5553 2 33
5554 2 32
5555 2 32
5556 2 32
5557 2 33
5558 2 32
5559 2 33
5560 2 33
5561 2 32
5562 2 32
5563 2 33
5564 2 36
5565 2 36
5566 2 33
5567 2 33
5568 2 32
5569 2 33
5570 2 33
5571 2 33
5572 2 33
5573 2 33
5574 2 34
5575 2 33
5576 2 34
5577 2 33
5578 2 33
5579 2 33
5580 2 33
5581 2 33
5582 2 34
5583 2 33
5584 2 33
5585 2 33
5586 2 33
5587 2 33
5588 2 33
5589 2 33
5590 2 33
5591 2 33
5592 2 33
5593 2 33
5594 2 33
5595 2 33
5596 2 33
5597 2 33
5598 2 33
5599 2 33
5600 2 33
5601 2 34
5602 2 34
5603 2 33
5604 2 33
5605 2 33
5606 2 33
5607 2 34
5608 2 33
5609 2 33
5610 2 33
5611 2 33
5612 2 33
5613 2 33
5614 2 33
5615 2 33
5616 2 33
5617 2 33
5618 2 33
5619 2 33
5620 2 33
5621 2 33
5622 2 33
5623 2 34
5624 2 33
5625 2 33
5626 2 33
5627 2 33
5628 2 33
5629 2 33
5630 2 33
5631 2 34
5632 2 33
5633 2 33
5634 2 33
5635 2 33
5636 2 33
5637 2 34
5638 2 34
5639 2 34
5640 2 34
5641 2 34
5642 2 34
5643 2 34
5644 2 34
5645 2 33
5646 2 34
5647 2 35
5648 2 35
5649 2 34
5650 2 36
5651 2 34
5652 2 36
5653 2 33
5654 2 34
5655 2 34
5656 2 34
5657 2 33
5658 2 33
5659 2 33
5660 2 33
5661 2 34
5662 2 33
5663 2 34
5664 2 34
5665 2 33
5666 2 33
5667 2 33
5668 2 33
5669 2 34
5670 2 34
5671 2 33
5672 2 34
5673 2 34
5674 2 33
5675 2 34
5676 2 33
5677 2 33
5678 2 34
5679 2 34
5680 2 34
5681 2 34
5682 2 34
5683 2 34
5684 2 34
5685 2 34
5686 2 34
5687 2 34
5688 2 34
5689 2 34
5690 2 34
5691 2 34
5692 2 34
5693 2 35
5694 2 34
5695 2 34
5696 2 34
5697 2 34
5698 2 34
5699 2 34
5700 2 34
5701 2 34
5702 2 34
5703 2 34
5704 2 34
5705 2 34
5706 2 34
5707 2 34
5708 2 34
5709 2 34
5710 2 34
5711 2 34
5712 2 34
5713 2 34
5714 2 34
5715 2 34
5716 2 34
5717 2 34
5718 2 34
5719 2 34
5720 2 35
5721 2 35
5722 2 34
5723 2 34
5724 2 34
5725 2 34
5726 2 34
5727 2 34
5728 2 34
5729 2 35
5730 2 35
5731 2 35
5732 2 35
5733 2 35
5734 2 34
5735 2 35
5736 2 34
5737 2 34
5738 2 35
5739 2 35
5740 2 35
5741 2 34
5742 2 35
5743 2 35
5744 2 35
5745 2 35
5746 2 34
5747 2 35
5748 2 35
5749 2 35
5750 2 35
5751 2 35
5752 2 35
5753 2 35
5754 2 34
5755 2 35
5756 2 35
5757 2 35
5758 2 34
5759 2 35
5760 2 35
5761 2 35
5762 2 35
5763 2 35
5764 2 35
5765 2 35
5766 2 35
5767 2 34
5768 2 35
5769 2 35
5770 2 35
5771 2 35
5772 2 36
5773 2 35
5774 2 36
5775 2 36
5776 2 36
5777 2 36
5778 2 37
5779 2 36
5780 2 36
5781 2 36
5782 2 35
5783 2 35
5784 2 35
5785 2 36
5786 2 36
5787 2 35
5788 2 35
5789 2 35
5790 2 35
5791 2 35
5792 2 36
5793 2 35
5794 2 35
5795 2 35
5796 2 35
5797 2 35
5798 2 36
5799 2 36
5800 2 35
5801 2 36
5802 2 35
5803 2 35
5804 2 35
5805 2 35
5806 2 35
5807 2 36
5808 2 36
5809 2 35
5810 2 36
5811 2 35
5812 2 36
5813 2 35
5814 2 36
5815 2 36
5816 2 37
5817 2 38
5818 2 37
5819 2 37
5820 2 37
5821 2 36
5822 2 37
5823 2 37
5824 2 37
5825 2 37
5826 2 36
5827 2 36
5828 2 37
5829 2 37
5830 2 36
5831 2 38
5832 2 37
5833 2 38
5834 2 38
5835 2 37
5836 2 38
5837 2 39
5838 2 37
5839 2 38
5840 2 38
5841 2 37
5842 2 37
5843 2 38
5844 2 40
5845 2 39
5846 2 38
5847 2 38
5848 2 38
5849 2 38
5850 2 38
5851 2 37
5852 2 37
5853 2 37
5854 2 37
5855 2 37
5856 2 37
5857 2 37
5858 2 37
5859 2 37
5860 2 37
5861 2 37
5862 2 37
5863 2 37
5864 2 38
5865 2 37
5866 2 37
5867 2 37
5868 2 37
5869 2 37
5870 2 38
5871 2 37
5872 2 37
5873 2 38
5874 2 37
5875 2 40
5876 2 39
5877 2 37
5878 2 37
5879 2 37
5880 2 37
5881 2 37
5882 2 38
5883 2 37
5884 2 37
5885 2 37
5886 2 37
5887 2 37
5888 2 37
5889 2 37
5890 2 37
5891 2 37
5892 2 37
5893 2 37
5894 2 37
5895 2 37
5896 2 38
5897 2 37
5898 2 38
5899 2 37
5900 2 37
5901 2 37
5902 2 37
5903 2 38
5904 2 37
5905 2 37
5906 2 37
5907 2 38
5908 2 38
5909 2 38
5910 2 37
5911 2 37
5912 2 37
5913 2 37
5914 2 38
5915 2 37
5916 2 39
5917 2 42
5918 2 40
5919 2 37
5920 2 38
5921 2 38
5922 2 37
5923 2 39
5924 2 38
5925 2 38
5926 2 38
5927 2 38
5928 2 38
5929 2 39
5930 2 39
5931 2 40
5932 2 38
5933 2 39
5934 2 39
5935 2 38
5936 2 40
5937 2 38
5938 2 38
5939 2 38
5940 2 38
5941 2 38
5942 2 40
5943 2 39
5944 2 39
5945 2 38
5946 2 41
5947 2 38
5948 2 39
5949 2 38
5950 2 38
5951 2 38
5952 2 38
5953 2 38
5954 2 38
5955 2 38
5956 2 39
5957 2 39
5958 2 39
5959 2 38
5960 2 38
5961 2 38
5962 2 38
5963 2 39
5964 2 39
5965 2 38
5966 2 38
5967 2 38
5968 2 38
5969 2 38
5970 2 38
5971 2 39
5972 2 38
5973 2 39
5974 2 39
5975 2 38
5976 2 39
5977 2 39
5978 2 39
5979 2 39
5980 2 38
5981 2 38
5982 2 38
5983 2 38
5984 2 39
5985 2 38
5986 2 38
5987 2 39
5988 2 39
5989 2 38
5990 2 39
5991 2 39
5992 2 41
5993 2 42
5994 2 41
5995 2 40
5996 2 42
5997 2 40
5998 2 42
5999 2 40
6000 2 39
6001 2 39
6002 2 39
6003 2 39
6004 2 39
6005 2 39
6006 2 39
6007 2 40
6008 2 41
6009 2 41
6010 2 40
6011 2 39
6012 2 40
6013 2 39
6014 2 40
6015 2 39
6016 2 42
6017 2 39
6018 2 39
6019 2 39
6020 2 39
6021 2 42
6022 2 40
6023 2 40
6024 2 42
6025 3 50
6026 2 44
6027 2 39
6028 2 39
6029 2 41
6030 2 43
6031 2 41
6032 2 40
6033 2 42
6034 2 40
6035 2 43
6036 3 44
6037 2 41
6038 2 41
6039 2 40
6040 2 41
6041 2 40
6042 2 40
6043 2 40
6044 2 39
6045 2 40
6046 2 40
6047 2 40
6048 2 39
6049 2 39
6050 2 40
6051 2 39
6052 2 40
6053 2 40
6054 2 40
6055 2 40
6056 2 40
6057 2 40
6058 2 40
6059 2 40
6060 2 40
6061 2 44
6062 2 42
6063 2 40
6064 2 42
6065 2 42
6066 2 42
6067 2 42
6068 2 42
6069 2 41
6070 2 42
6071 2 43
6072 2 42
6073 2 42
6074 2 41
6075 2 42
6076 2 42
6077 2 42
6078 2 41
6079 2 42
6080 2 42
6081 2 43
6082 2 42
6083 2 42
6084 2 41
6085 2 43
6086 3 41
6087 2 42
6088 2 42
6089 2 42
6090 2 42
6091 2 42
6092 2 43
6093 2 42
6094 2 42
6095 2 42
6096 2 42
6097 2 42
6098 2 42
6099 2 43
6100 2 43
6101 2 42
6102 3 43
6103 2 42
6104 2 42
6105 2 43
6106 2 45
6107 2 43
6108 2 42
6109 2 42
6110 2 42
6111 2 42
6112 2 43
6113 2 43
6114 2 42
6115 2 42
6116 3 42
6117 3 42
6118 3 42
6119 2 43
6120 2 43
6121 2 43
6122 3 42
6123 2 43
6124 2 42
6125 2 42
6126 2 43
6127 2 42
6128 2 43
6129 2 41
6130 2 43
6131 2 43
6132 2 40
6133 2 41
6134 2 41
6135 2 42
6136 2 41
6137 2 42
6138 2 43
6139 2 42
6140 3 44
6141 2 42
6142 2 42
6143 2 41
6144 2 41
6145 2 43
6146 2 42
6147 2 42
6148 2 41
6149 2 41
6150 2 42
6151 2 42
6152 2 41
6153 2 42
6154 2 41
6155 2 41
6156 2 42
6157 2 41
6158 2 43
6159 2 42
6160 2 41
6161 2 41
6162 2 41
6163 2 40
6164 2 41
6165 2 41
6166 2 41
6167 3 42
6168 2 41
6169 2 41
6170 2 42
6171 2 42
6172 2 41
6173 2 41
6174 2 41
6175 2 41
6176 2 41
6177 2 41
6178 2 41
6179 2 41
6180 2 42
6181 2 42
6182 2 42
6183 2 41
6184 2 41
6185 2 43
6186 2 42
6187 2 42
6188 2 42
6189 2 42
6190 2 42
6191 2 42
6192 2 43
6193 2 41
6194 2 42
6195 2 42
6196 2 42
6197 2 42
6198 2 41
6199 2 42
6200 2 42
6201 2 42
6202 2 42
6203 2 41
6204 2 42
6205 2 42
6206 2 43
6207 2 43
6208 2 43
6209 2 43
6210 2 44
6211 2 44
6212 2 43
6213 2 43
6214 2 44
6215 2 43
6216 3 43
6217 2 43
6218 2 42
6219 2 43
6220 2 44
6221 2 44
6222 2 43
6223 2 43
6224 3 43
6225 3 43
6226 2 44
6227 2 44
6228 2 44
6229 2 44
6230 3 43
6231 2 44
6232 2 44
6233 2 44
6234 2 43
6235 2 46
6236 2 46
6237 2 44
6238 2 44
6239 2 45
6240 2 44
6241 2 45
6242 2 44
6243 2 45
6244 2 45
6245 2 45
6246 2 45
6247 2 45
6248 2 44
6249 2 45
6250 3 45
6251 3 44
6252 2 46
6253 2 44
6254 3 46
6255 2 44
6256 2 44
6257 2 45
6258 2 46
6259 2 45
6260 3 45
6261 3 45
6262 2 45
6263 3 46
6264 3 45
6265 2 44
6266 2 45
6267 2 47
6268 3 45
6269 2 44
6270 2 45
6271 2 45
6272 3 45
6273 2 46
6274 2 45
6275 2 45
6276 2 45
6277 3 45
6278 3 46
6279 2 45
6280 2 45
6281 2 46
6282 2 45
6283 2 46
6284 2 46
6285 2 45
6286 3 45
6287 2 45
6288 3 45
6289 2 45
6290 2 45
6291 3 45
6292 3 45
6293 3 46
6294 2 46
6295 3 45
6296 2 46
6297 2 46
6298 2 46
6299 2 45
6300 3 45
6301 2 45
6302 2 45
6303 2 44
6304 3 45
6305 2 45
6306 3 46
6307 2 45
6308 2 45
6309 2 45
6310 2 45
6311 2 46
6312 2 46
6313 2 45
6314 2 46
6315 2 45
6316 2 44
6317 2 43
6318 2 44
6319 2 45
6320 2 46
6321 2 44
6322 2 44
6323 2 45
6324 2 44
6325 2 44
6326 2 44
6327 2 44
6328 2 44
6329 2 43
6330 2 44
6331 2 44
6332 2 44
6333 2 44
6334 2 44
6335 2 44
6336 2 43
6337 2 44
6338 2 45
6339 3 46
6340 3 46
6341 2 44
6342 3 44
6343 2 46
6344 2 44
6345 2 43
6346 2 44
6347 2 44
6348 2 44
6349 2 44
6350 2 43
6351 2 44
6352 2 43
6353 2 43
6354 2 43
6355 2 44
6356 2 44
6357 2 44
6358 2 44
6359 2 44
6360 2 44
6361 2 44
6362 2 44
6363 2 45
6364 2 44
6365 2 44
6366 2 44
6367 2 44
6368 2 44
6369 3 51
6370 4 55
6371 3 46
6372 2 47
6373 3 47
6374 3 47
6375 3 45
6376 3 44
6377 2 44
6378 2 44
6379 2 44
6380 2 44
6381 2 44
6382 2 44
6383 2 43
6384 2 44
6385 2 44
6386 2 44
6387 2 44
6388 3 47
6389 3 47
6390 3 48
6391 3 50
6392 2 46
6393 3 46
6394 3 52
6395 3 53
6396 4 65
6397 3 63
6398 3 55
6399 3 50
6400 3 50
6401 3 46
6402 2 45
6403 3 46
6404 3 46
6405 2 45
6406 2 45
6407 3 46
6408 3 47
6409 3 45
6410 3 46
6411 2 45
6412 2 45
6413 3 45
6414 2 45
6415 2 45
6416 3 46
6417 3 45
6418 3 45
6419 3 45
6420 3 46
6421 2 45
6422 2 45
6423 2 46
6424 3 45
6425 2 45
6426 2 45
6427 3 45
6428 2 45
6429 2 45
6430 3 46
6431 2 45
6432 2 45
6433 3 45
6434 3 46
6435 3 46
6436 3 46
6437 3 46
6438 2 45
6439 2 45
6440 3 49
6441 3 47
6442 3 47
6443 3 46
6444 3 46
6445 2 46
6446 3 46
6447 3 47
6448 2 46
6449 2 46
6450 3 46
6451 2 46
6452 2 46
6453 2 46
6454 2 46
6455 3 46
6456 3 47
6457 2 46
6458 2 46
6459 3 46
6460 3 46
6461 3 49
6462 2 46
6463 3 46
6464 3 45
6465 2 46
6466 3 47
6467 3 47
6468 2 47
6469 3 47
6470 2 46
6471 2 46
6472 3 46
6473 3 46
6474 3 46
6475 3 46
6476 3 46
6477 3 47
6478 3 50
6479 3 49
6480 3 49
6481 3 48
6482 3 48
6483 3 47
6484 3 48
6485 3 47
6486 3 48
6487 3 48
6488 3 47
6489 3 47
6490 3 47
6491 3 48
6492 3 48
6493 3 47
6494 3 48
6495 3 50
6496 2 48
6497 3 48
6498 3 48
6499 3 49
6500 3 48
6501 3 48
6502 3 47
6503 3 46
6504 3 47
6505 3 47
6506 3 47
6507 3 48
6508 3 46
6509 3 47
6510 3 46
6511 3 47
6512 3 47
6513 3 48
6514 3 48
6515 3 48
6516 3 47
6517 3 47
6518 3 47
6519 3 47
6520 3 46
6521 3 48
6522 3 47
6523 3 47
6524 3 47
6525 3 47
6526 2 47
6527 3 47
6528 3 48
6529 3 47
6530 3 48
6531 3 47
6532 3 47
6533 3 47
6534 2 48
6535 3 48
6536 3 47
6537 3 47
6538 3 48
6539 3 48
6540 3 47
6541 3 47
6542 3 48
6543 3 47
6544 3 48
6545 3 47
6546 3 53
6547 3 48
6548 3 48
6549 3 50
6550 3 49
6551 3 50
6552 3 47
6553 3 47
6554 3 47
6555 3 48
6556 3 47
6557 3 46
6558 3 48
6559 3 50
6560 3 47
6561 3 47
6562 3 46
6563 3 52
6564 3 48
6565 3 47
6566 3 47
6567 3 49
6568 3 47
6569 3 49
6570 3 54
6571 3 53
6572 3 49
6573 3 47
6574 3 48
6575 3 47
6576 3 48
6577 3 47
6578 3 47
6579 3 47
6580 3 48
6581 3 47
6582 3 47
6583 3 47
6584 3 48
6585 3 47
6586 3 48
6587 3 48
6588 3 48
6589 3 47
6590 3 47
6591 3 47
6592 3 52
6593 3 50
6594 3 48
6595 3 49
6596 3 48
6597 3 48
6598 3 49
6599 3 48
6600 3 49
6601 3 48
6602 3 48
6603 3 48
6604 3 49
6605 3 48
6606 3 49
6607 3 48
6608 3 49
6609 3 49
6610 3 48
6611 3 48
6612 3 48
6613 3 48
6614 3 48
6615 3 49
6616 3 50
6617 3 49
6618 3 50
6619 3 49
6620 3 49
6621 3 49
6622 3 50
6623 3 52
6624 3 49
6625 3 50
6626 3 51
6627 3 50
6628 3 50
6629 3 50
6630 3 51
6631 3 51
6632 3 50
6633 3 53
6634 3 50
6635 3 50
6636 3 51
6637 3 50
6638 3 50
6639 3 50
6640 3 54
6641 3 54
6642 3 50
6643 3 49
6644 3 49
6645 3 51
6646 3 51
6647 3 51
6648 3 50
6649 3 51
6650 3 50
6651 3 51
6652 3 50
6653 3 49
6654 3 50
6655 3 49
6656 3 50
6657 3 50
6658 3 49
6659 3 50
6660 3 49
6661 3 49
6662 3 50
6663 3 49
6664 3 50
6665 3 50
6666 3 51
6667 3 49
6668 3 50
6669 3 50
6670 3 49
6671 3 49
6672 3 49
6673 3 50
6674 3 49
6675 3 50
6676 3 50
6677 3 49
6678 3 50
6679 3 50
6680 3 49
6681 3 50
6682 3 49
6683 3 51
6684 3 50
6685 3 50
6686 3 50
6687 3 53
6688 3 53
6689 3 50
6690 3 52
6691 3 51
6692 3 59
6693 3 56
6694 3 53
6695 3 50
6696 3 50
6697 3 51
6698 3 51
6699 3 50
6700 3 49
6701 3 49
6702 3 50
6703 3 51
6704 3 52
6705 3 50
6706 3 50
6707 3 50
6708 3 51
6709 3 49
6710 3 49
6711 3 49
6712 3 50
6713 3 50
6714 3 50
6715 3 50
6716 3 50
6717 3 50
6718 3 50
6719 3 49
6720 3 50
6721 3 51
6722 3 49
6723 3 49
6724 3 49
6725 3 49
6726 3 49
6727 3 51
6728 3 51
6729 3 51
6730 3 49
6731 3 49
6732 3 49
6733 3 50
6734 3 50
6735 3 50
6736 3 50
6737 3 50
6738 3 51
6739 3 52
6740 3 52
6741 3 49
6742 3 50
6743 3 53
6744 3 50
6745 3 49
6746 3 49
6747 3 53
6748 3 56
6749 3 52
6750 3 51
6751 3 50
6752 3 50
6753 3 51
6754 3 52
6755 3 51
6756 3 53
6757 3 51
6758 3 52
6759 3 50
6760 3 50
6761 3 51
6762 3 50
6763 3 50
6764 3 51
6765 3 50
6766 3 51
6767 3 51
6768 3 50
6769 3 58
6770 3 58
6771 3 54
6772 3 53
6773 3 52
6774 3 51
6775 3 51
6776 3 53
6777 3 55
6778 3 55
6779 3 52
6780 3 53
6781 3 53
6782 3 55
6783 3 53
6784 3 54
6785 3 51
6786 3 52
6787 3 54
6788 3 53
6789 3 53
6790 3 53
6791 3 56
6792 3 55
6793 3 52
6794 3 54
6795 3 53
6796 3 53
6797 3 52
6798 3 52
6799 3 52
6800 3 52
6801 3 51
6802 3 52
6803 3 52
6804 3 52
6805 3 52
6806 3 55
6807 3 54
6808 3 52
6809 3 51
6810 3 52
6811 3 52
6812 3 53
6813 3 53
6814 3 53
6815 3 53
6816 3 54
6817 3 53
6818 3 53
6819 3 54
6820 3 54
6821 3 53
6822 3 54
6823 3 54
6824 3 54
6825 3 54
6826 3 56
6827 3 56
6828 3 57
6829 3 58
6830 3 54
6831 3 54
6832 3 54
6833 3 53
6834 3 52
6835 3 53
6836 3 52
6837 3 52
6838 3 53
6839 3 52
6840 3 53
6841 3 53
6842 3 59
6843 3 60
6844 3 56
6845 3 53
6846 3 55
6847 3 52
6848 3 53
6849 3 53
6850 3 53
6851 3 54
6852 3 53
6853 3 53
6854 3 54
6855 3 59
6856 3 54
6857 3 54
6858 3 52
6859 3 52
6860 3 56
6861 3 52
6862 4 69
6863 3 55
6864 3 54
6865 3 55
6866 3 53
6867 3 53
6868 3 54
6869 3 55
6870 3 59
6871 3 55
6872 3 58
6873 3 56
6874 3 56
6875 3 55
6876 3 55
6877 3 54
6878 3 55
6879 3 55
6880 3 54
6881 3 56
6882 3 58
6883 4 63
6884 3 53
6885 3 52
6886 3 53
6887 3 53
6888 3 55
6889 3 53
6890 3 53
6891 3 53
6892 3 53
6893 3 54
6894 3 55
6895 3 54
6896 3 54
6897 3 53
6898 3 54
6899 3 52
6900 3 55
6901 3 53
6902 3 54
6903 3 55
6904 3 55
6905 3 54
6906 3 54
6907 3 53
6908 3 54
6909 3 54
6910 3 54
6911 3 55
6912 3 53
6913 3 54
6914 3 55
6915 3 54
6916 3 56
6917 3 54
6918 3 56
6919 3 54
6920 3 55
6921 3 55
6922 3 55
6923 3 55
6924 3 55
6925 3 56
6926 3 54
6927 3 55
6928 3 54
6929 3 54
6930 3 55
6931 3 55
6932 3 54
6933 3 55
6934 3 55
6935 3 55
6936 3 54
6937 3 54
6938 3 55
6939 3 55
6940 3 55
6941 3 55
6942 3 55
6943 3 54
6944 3 56
6945 3 54
6946 3 54
6947 3 56
6948 3 55
6949 3 54
6950 3 54
6951 3 55
6952 3 54
6953 3 53
6954 3 54
6955 3 55
6956 3 55
6957 3 55
6958 3 55
6959 3 54
6960 3 55
6961 3 55
6962 3 55
6963 3 54
6964 3 55
6965 3 54
6966 3 54
6967 3 54
6968 3 53
6969 3 54
6970 3 53
6971 3 53
6972 3 54
6973 3 55
6974 3 56
6975 3 53
6976 3 54
6977 3 55
6978 3 54
6979 3 54
6980 3 53
6981 3 54
6982 3 55
6983 3 56
6984 3 54
6985 3 54
6986 3 56
6987 3 54
6988 3 54
6989 3 54
6990 3 54
6991 3 54
6992 3 55
6993 3 54
6994 3 54
6995 3 54
6996 3 54
6997 3 54
6998 3 54
6999 3 54
7000 3 54
7001 3 55
7002 3 55
7003 3 56
7004 3 56
7005 3 55
7006 3 55
7007 3 55
7008 3 55
7009 3 56
7010 3 62
7011 3 62
7012 3 59
7013 3 57
7014 3 63
7015 3 62
7016 3 58
7017 3 60
7018 4 77
7019 4 73
7020 4 68
7021 4 66
7022 3 63
7023 3 64
7024 4 63
7025 3 63
7026 4 65
7027 4 66
7028 4 66
7029 3 62
7030 3 57
7031 3 58
7032 3 63
7033 4 64
7034 3 61
7035 4 67
7036 4 64
7037 3 60
7038 3 58
7039 3 59
7040 3 57
7041 3 57
7042 3 57
7043 3 57
7044 3 58
7045 3 57
7046 3 56
7047 3 59
7048 3 57
7049 3 59
7050 3 58
7051 3 58
7052 3 58
7053 3 62
7054 3 59
7055 3 59
7056 3 61
7057 3 58
7058 3 59
7059 3 59
7060 3 61
7061 3 62
7062 4 64
7063 4 63
7064 4 63
7065 4 64
7066 3 62
7067 3 62
7068 4 61
7069 3 59
7070 4 62
7071 4 61
7072 3 60
7073 4 61
7074 3 62
7075 3 60
7076 3 62
7077 3 61
7078 3 61
7079 3 60
7080 4 61
7081 3 62
7082 3 61
7083 3 60
7084 3 61
7085 4 61
7086 3 61
7087 4 61
7088 4 61
7089 4 62
7090 4 61
7091 3 61
7092 4 62
7093 4 61
7094 4 62
7095 3 61
7096 4 62
7097 4 61
7098 4 61
7099 3 62
7100 4 65
7101 3 63
7102 3 60
7103 3 60
7104 3 60
7105 4 61
7106 4 60
7107 4 62
7108 4 69
7109 4 68
7110 4 65
7111 4 67
7112 3 60
7113 3 60
7114 3 62
7115 4 68
7116 4 66
7117 3 61
7118 3 60
7119 4 67
7120 3 63
7121 3 61
7122 3 59
7123 3 58
7124 4 67
7125 4 69
7126 4 68
7127 4 67
7128 3 59
7129 3 60
7130 3 60
7131 3 59
7132 3 60
7133 3 58
7134 3 59
7135 3 62
7136 3 62
7137 3 63
7138 3 65
7139 4 69
7140 4 76
7141 4 70
7142 4 73
7143 4 74
7144 4 69
7145 4 70
7146 4 65
7147 4 66
7148 4 67
7149 4 66
7150 3 60
7151 3 61
7152 4 69
7153 4 72
7154 4 74
7155 4 70
7156 4 68
7157 4 69
7158 4 67
7159 4 64
7160 3 61
7161 3 60
7162 4 64
7163 3 61
7164 3 60
7165 4 65
7166 3 62
7167 3 61
7168 3 59
7169 3 58
7170 3 60
7171 3 59
7172 3 58
7173 3 59
7174 3 60
7175 3 59
7176 3 64
7177 4 63
7178 3 63
7179 3 59
7180 3 60
7181 3 59
7182 3 59
7183 3 59
7184 3 60
7185 3 60
7186 3 60
7187 3 58
7188 3 59
7189 3 59
7190 3 60
7191 3 59
7192 3 60
7193 3 60
7194 3 59
7195 3 60
7196 3 59
7197 3 59
7198 3 60
7199 4 60
7200 3 61
7201 4 61
7202 3 62
7203 4 62
7204 3 58
7205 3 59
7206 3 59
7207 3 60
7208 4 62
7209 4 69
7210 4 68
7211 4 70
7212 4 65
7213 4 63
7214 3 60
7215 3 59
7216 3 60
7217 4 67
7218 4 63
7219 4 61
7220 4 61
7221 4 61
7222 3 63
7223 3 59
7224 3 59
7225 3 58
7226 3 59
7227 3 60
7228 3 59
7229 3 59
7230 3 57
7231 3 57
7232 3 60
7233 3 59
7234 3 63
7235 3 61
7236 3 58
7237 3 59
7238 4 65
7239 3 62
7240 4 63
7241 3 61
7242 3 60
7243 4 64
7244 3 60
7245 3 60
7246 3 62
7247 3 61
7248 3 60
7249 3 60
7250 3 62
7251 3 65
7252 3 60
7253 3 61
7254 3 61
7255 4 63
7256 4 77
7257 4 69
7258 4 71
7259 4 70
7260 4 72
7261 4 68
7262 4 65
7263 4 62
7264 4 61
7265 3 60
7266 4 61
7267 4 63
7268 3 61
7269 4 65
7270 3 64
7271 4 66
7272 4 63
7273 4 64
7274 4 65
7275 4 64
7276 4 64
7277 4 69
7278 4 69
7279 4 66
7280 4 62
7281 4 62
7282 3 62
7283 4 62
7284 4 62
7285 4 62
7286 4 62
7287 4 64
7288 4 63
7289 4 64
7290 4 63
7291 3 61
7292 3 62
7293 4 69
7294 3 61
7295 3 60
7296 3 60
7297 3 61
7298 3 61
7299 3 62
7300 3 62
7301 4 63
7302 3 59
7303 3 60
7304 3 59
7305 3 59
7306 3 61
7307 3 61
7308 3 64
7309 4 61
7310 3 61
7311 4 62
7312 4 60
7313 3 60
7314 3 61
7315 3 59
7316 3 60
7317 3 59
7318 3 61
7319 3 60
7320 3 61
7321 3 61
7322 3 63
7323 3 61
7324 4 60
7325 4 64
7326 3 61
7327 3 61
7328 3 63
7329 3 61
7330 3 60
7331 3 61
7332 3 62
7333 3 62
7334 4 63
7335 3 60
7336 3 60
7337 3 63
7338 3 62
7339 3 63
7340 3 65
7341 4 64
7342 4 68
7343 4 66
7344 4 62
7345 3 62
7346 3 62
7347 3 62
7348 3 62
7349 3 61
7350 3 62
7351 3 62
7352 3 62
7353 3 62
7354 3 62
7355 3 62
7356 3 61
7357 3 62
7358 3 63
7359 3 62
7360 3 63
7361 3 62
7362 4 64
7363 3 62
7364 3 63
7365 3 61
7366 3 63
7367 4 62
7368 3 62
7369 3 62
7370 3 62
7371 4 62
7372 3 62
7373 3 62
7374 3 62
7375 3 62
7376 3 63
7377 3 64
7378 3 62
7379 3 62
7380 3 62
7381 3 62
7382 4 62
7383 3 63
7384 4 61
7385 3 62
7386 3 62
7387 3 62
7388 3 62
7389 3 62
7390 3 63
7391 3 63
7392 3 62
7393 3 62
7394 3 62
7395 3 62
7396 3 62
7397 3 62
7398 3 63
7399 3 64
7400 3 62
7401 3 62
7402 3 62
7403 3 63
7404 3 62
7405 3 63
7406 3 63
7407 3 62
7408 3 62
7409 3 63
7410 4 62
7411 3 62
7412 3 62
7413 3 63
7414 3 64
7415 3 63
7416 3 63
7417 3 63
7418 3 63
7419 3 63
7420 4 63
7421 4 63
7422 3 63
7423 3 63
7424 3 64
7425 4 63
7426 3 63
7427 3 64
7428 3 63
7429 4 64
7430 3 63
7431 4 64
7432 4 64
7433 4 63
7434 3 63
7435 4 64
7436 3 64
7437 3 64
7438 4 63
7439 3 63
7440 3 64
7441 3 64
7442 3 64
7443 4 65
7444 4 65
7445 3 66
7446 4 66
7447 4 66
7448 4 70
7449 4 66
7450 4 65
7451 4 66
7452 4 72
7453 4 70
7454 4 65
7455 4 64
7456 4 66
7457 3 64
7458 4 64
7459 3 64
7460 3 64
7461 4 64
7462 3 65
7463 4 64
7464 4 64
7465 4 67
7466 4 68
7467 4 67
7468 4 67
7469 4 67
7470 4 67
7471 4 67
7472 4 67
7473 4 67
7474 4 68
7475 4 68
7476 4 64
7477 4 65
7478 4 68
7479 4 68
7480 4 68
7481 4 67
7482 4 67
7483 4 68
7484 4 71
7485 4 69
7486 4 67
7487 4 68
7488 4 68
7489 4 68
7490 4 68
7491 4 68
7492 4 69
7493 4 68
7494 4 68
7495 4 68
7496 4 68
7497 4 68
7498 4 68
7499 4 68
7500 4 69
7501 4 69
7502 4 68
7503 4 68
7504 4 68
7505 4 68
7506 4 69
7507 4 71
7508 4 70
7509 4 72
7510 5 84
7511 4 72
7512 4 65
7513 4 66
7514 4 68
7515 4 67
7516 4 65
7517 4 65
7518 4 65
7519 4 65
7520 4 64
7521 4 64
7522 3 63
7523 3 63
7524 4 68
7525 4 65
7526 4 64
7527 4 64
7528 4 63
7529 4 65
7530 4 70
7531 4 67
7532 4 69
7533 4 70
7534 4 66
7535 4 66
7536 4 65
7537 4 65
7538 4 66
7539 4 65
7540 4 66
7541 4 67
7542 4 66
7543 4 67
7544 4 67
7545 4 66
7546 4 65
7547 4 64
7548 4 65
7549 4 69
7550 4 70
7551 4 73
7552 4 75
7553 4 68
7554 4 66
7555 4 64
7556 4 64
7557 4 66
7558 4 66
7559 3 65
7560 4 66
7561 4 65
7562 4 64
7563 4 64
7564 4 65
7565 4 67
7566 4 67
7567 4 65
7568 4 65
7569 4 66
7570 4 67
7571 4 68
7572 4 65
7573 4 67
7574 4 65
7575 4 65
7576 4 66
7577 4 64
7578 4 65
7579 4 65
7580 4 65
7581 4 64
7582 4 65
7583 4 65
7584 4 65
7585 4 65
7586 4 68
7587 4 65
7588 4 66
7589 4 66
7590 4 66
7591 4 66
7592 4 65
7593 4 66
7594 4 66
7595 4 65
7596 4 65
7597 4 64
7598 4 65
7599 4 67
7600 4 67
7601 4 70
7602 5 84
7603 4 75
7604 4 72
7605 4 67
7606 4 66
7607 4 65
7608 4 67
7609 4 67
7610 4 68
7611 4 70
7612 4 65
7613 4 69
7614 4 68
7615 4 66
7616 4 66
7617 3 66
7618 4 67
7619 4 68
7620 4 67
7621 4 66
7622 4 67
7623 4 68
7624 4 65
7625 4 67
7626 4 67
7627 4 67
7628 4 67
7629 4 68
7630 4 67
7631 4 67
7632 4 67
7633 4 66
7634 4 66
7635 4 66
7636 4 66
7637 4 67
7638 4 66
7639 4 67
7640 4 67
7641 4 67
7642 4 68
7643 4 68
7644 4 67
7645 4 66
7646 4 67
7647 4 66
7648 4 65
7649 4 66
7650 4 67
7651 4 67
7652 4 68
7653 4 68
7654 4 69
7655 4 68
7656 4 66
7657 4 68
7658 4 68
7659 4 67
7660 4 68
7661 4 68
7662 4 66
7663 4 65
7664 4 66
7665 4 66
7666 4 68
7667 4 67
7668 4 66
7669 4 67
7670 4 67
7671 4 66
7672 4 69
7673 4 69
7674 4 69
7675 4 72
7676 4 68
7677 4 67
7678 4 69
7679 4 68
7680 4 70
7681 4 69
7682 4 69
7683 4 80
7684 5 78
7685 4 73
7686 4 68
7687 4 68
7688 4 68
7689 4 67
7690 4 68
7691 4 70
7692 4 70
7693 4 73
7694 4 72
7695 4 71
7696 4 78
7697 5 85
7698 4 71
7699 5 84
7700 5 82
7701 4 76
7702 4 72
7703 4 69
7704 4 70
7705 4 73
7706 4 74
7707 4 72
7708 4 70
7709 4 71
7710 4 70
7711 4 69
7712 4 72
7713 4 70
7714 4 71
7715 4 72
7716 4 69
7717 4 69
7718 4 71
7719 4 70
7720 4 67
7721 4 68
7722 4 69
7723 4 69
7724 4 68
7725 4 68
7726 4 68
7727 4 69
7728 4 67
7729 4 72
7730 4 73
7731 4 77
7732 4 76
7733 4 77
7734 4 73
7735 4 73
7736 4 75
7737 4 72
7738 4 72
7739 4 72
7740 4 76
7741 4 73
7742 4 74
7743 4 73
7744 4 74
7745 4 76
7746 4 74
7747 4 73
7748 4 72
7749 4 73
7750 4 75
7751 4 73
7752 4 72
7753 4 73
7754 4 74
7755 4 74
7756 4 73
7757 4 72
7758 4 74
7759 4 72
7760 4 74
7761 4 77
7762 4 74
7763 4 72
7764 4 73
7765 4 72
7766 4 76
7767 4 75
7768 4 77
7769 4 79
7770 4 81
7771 4 80
7772 4 80
7773 4 81
7774 4 80
7775 4 82
7776 5 82
7777 4 75
7778 4 75
7779 5 79
7780 4 76
7781 4 75
7782 4 75
7783 4 76
7784 4 77
7785 4 76
7786 4 75
7787 4 77
7788 4 75
7789 4 75
7790 4 80
7791 4 74
7792 4 74
7793 4 75
7794 4 74
7795 5 81
7796 4 75
7797 4 76
7798 4 74
7799 4 73
7800 4 74
7801 4 73
7802 4 73
7803 4 75
7804 4 75
7805 4 74
7806 4 74
