0 136.29002700617283 37.826314164695994 113.87451774691358 37.33637624471428 14.10570987654321 31.024638229540148
1 107.80439814814815 11.431742375627424 88.60214120370371 15.951909887446746 1.7802854938271604 3.4769757788409192
2 113.77522183641975 21.378484695577 93.31042631172839 24.007096898150905 11.27025462962963 23.738690749816413
3 110.00853587962963 16.158612757880192 99.45384837962963 17.125760088480163 14.761140046296296 22.37657756035272
4 108.58434606481481 20.201681893539643 104.81563464506173 22.986675651056313 28.192756558641975 39.95653777395385
5 103.15190972222223 14.922351564484364 102.09698109567901 18.53748648652427 24.369695216049383 31.415909827060712
6 105.56770833333333 9.672912996016276 97.21431327160494 12.553315295737738 3.3713831018518516 6.977362877503312
7 124.8621238425926 9.438981293859772 125.79214891975309 10.586409042545599 16.953028549382715 16.462740047955034
8 134.53703703703704 5.525960911789604 137.83473186728395 5.378922207474475 12.721257716049383 13.141613657738905
9 132.85127314814815 6.357013351367522 136.35204475308643 5.917107089855095 4.4203317901234565 7.94420887652573
10 227.93012152777777 26.21269371562765 203.42689043209876 25.459124341661987 99.73447145061728 29.039277028365444
11 144.63184799382717 44.84745423767443 123.83005401234568 45.95804639946232 24.93677662037037 48.301241598104546
12 120.35566165123457 16.059381745831097 98.72227044753086 19.102940501850405 6.004967206790123 15.514728926914882
13 117.42510609567901 15.67395369857488 99.34934413580247 18.657406855947873 10.620804398148149 20.650710435298915
14 115.6156925154321 15.399825720350982 107.52782600308642 18.858252248658747 20.512104552469136 26.727546393109034
15 112.65663580246914 11.961940607433503 111.59215856481481 16.11809577551147 24.878761574074073 24.906779523117812
16 115.62490354938272 9.278938144250994 108.29436728395062 12.703033165580697 9.247781635802468 13.19790688845309
17 130.3721064814815 7.305281028286459 131.62914737654322 7.447145755640131 16.855854552469136 11.756733503015864
18 137.97029320987653 5.12334219563107 139.71937692901236 5.009597532322996 9.115499614197532 8.699646724215759
19 138.50708912037038 13.563587951149744 139.80820794753086 12.654786710500517 6.27391975308642 17.254520196089633
20 238.66541280864197 1.9586366252823337 215.42602237654322 2.6598266436349602 123.92766203703704 10.36673098690789
21 238.86400462962962 15.780721698554848 219.62437307098764 15.516893363096843 145.1893325617284 25.261505255623277
22 158.09471450617283 35.39777408729497 137.09056712962962 35.92807908919557 18.846354166666668 46.89510601944419
23 128.93894675925927 15.907436099931337 111.16782407407408 18.51027040707746 6.831114969135802 12.745347895204505
24 125.03501157407408 12.290577049941495 110.12442129629629 15.244687955264153 17.177372685185187 19.75325417506298
25 122.60599922839506 11.532953602317487 119.62543402777777 15.535027604182055 28.947916666666668 24.38702195421887
26 128.48032407407408 9.544799674215463 124.82310956790124 12.891075989857026 32.25641396604938 21.253006376548047
27 139.88541666666666 12.403457719791117 140.03231095679013 11.691562292592618 32.50294174382716 18.791532987629157
28 144.79716435185185 7.96466587201966 144.03313078703704 7.624798365419256 13.356240354938272 12.02507397699111
29 152.2283950617284 24.053154070238715 151.39829282407408 22.518602456108983 19.764130015432098 37.534194389279804
30 241.57595486111111 1.5506552760041215 219.0467785493827 2.640904062497894 136.55203510802468 9.198198750231864
31 215.70273919753086 33.09408620704671 191.81206597222223 40.47446505661351 92.74672067901234 76.63322532565508
32 171.55097415123456 9.680217095951853 143.90639467592592 12.6683404414398 4.764805169753086 24.05447893690488
33 166.70109953703704 10.087444196961965 147.46310763888889 11.570894469755832 6.591579861111111 15.762353219749944
34 151.35059799382717 13.677659649406397 133.84500385802468 12.897326923917255 12.343846450617283 19.978405556997853
35 143.20548804012347 14.23511415117035 137.85551697530863 14.632145704823511 57.76948302469136 28.125418488705794
36 141.95167824074073 10.685628539844178 141.19396219135803 12.482773399959836 66.27054398148148 20.995411490115465
37 154.49242862654322 9.634101665257711 153.53737461419752 7.466834574993062 62.369743441358025 15.551236654030875
38 160.67843364197532 6.83218922334262 157.10132137345678 5.735607170299756 28.124614197530864 16.41692516733638
39 160.19999035493828 10.53424301260678 157.42250192901236 10.029002744798243 11.604118441358025 19.047396121534263
40 241.71286651234567 1.5159327311764244 219.92500964506172 2.346671430261205 140.01948302469137 7.032388038416205
41 217.1968074845679 32.480264536016676 194.28279320987653 40.298009586224524 97.75535300925925 79.35561087730842
42 170.57204861111111 7.4216599120068825 141.99913194444446 9.09055094757318 1.7239583333333333 6.992900174471782
43 163.97284915123456 7.674926716258485 141.62471064814815 11.389887105355925 3.6841242283950617 7.92606962813013
44 155.45225694444446 3.8404644718973295 132.04079861111111 4.819842104426924 1.2490837191358024 4.631181651493087
45 146.61964699074073 15.393477861673965 128.86603009259258 9.932206136131898 10.329427083333334 21.30477540445669
46 101.71971450617283 51.74544051822072 104.85739776234568 47.45157910367192 40.52936921296296 37.77317942943787
47 136.07860725308643 35.391555551959215 134.2735339506173 29.622543879204667 35.442756558641975 52.581419289665305
48 116.00733024691358 36.10997787070849 119.7027874228395 29.889403004800428 5.216483410493828 8.387587296611743
49 158.4515335648148 13.761487364827621 154.53978587962962 13.219080028730989 6.945264274691358 19.29181524790111
50 240.91208526234567 1.5878458393044117 219.4095775462963 2.3145163246137312 139.0294174382716 7.432242978709268
51 212.57243441358025 35.24138625186749 190.2303722993827 41.43699112838038 91.79658564814815 79.39507073402866
52 160.0108024691358 5.994506150273993 131.36607831790124 7.488765053071458 1.1789158950617284 3.0295151586225293
53 155.03443287037038 2.731643057029814 129.14713541666666 3.6996627322965954 0.5146604938271605 1.0330556864959803
54 154.4247685185185 2.7132313161265316 130.508487654321 2.2466378576502755 0.5177469135802469 0.7493396377726852
55 110.52271412037037 48.04939010989657 112.00554591049382 30.242498529618448 17.67462384259259 28.04766432532788
56 47.16994598765432 18.48806639622324 59.4203800154321 30.265065300332118 13.678674768518519 23.34311138744897
57 95.79967206790124 36.637727846364925 111.63541666666667 34.02958735976265 44.913724922839506 70.8227969607442
58 96.54644097222223 27.138063714765824 105.99074074074075 23.5661052091576 4.9242380401234565 16.09537063031739
59 155.7843364197531 8.528104501039913 151.24797453703704 7.87968615143025 2.2994309413580245 10.115821917731939
60 239.9271797839506 5.162455541322732 221.4204764660494 10.998585736307431 148.61275077160494 36.77147556666649
61 228.35884452160494 26.629179051986224 209.27681327160494 29.465752487061323 127.58960262345678 56.31065895919926
62 159.8885513117284 13.497355283069881 132.86173804012347 16.33328402971248 4.546440972222222 22.166224233853775
63 156.01287615740742 3.119528868591866 130.51779513888889 4.354445950604504 0.7155189043209876 1.6398426782126228
64 158.40219907407408 2.707582336424502 135.60532407407408 2.7254796644166994 0.5807773919753086 1.0994329405305796
65 74.62721836419753 41.516149662170946 101.75607638888889 37.1815544282096 37.425636574074076 34.70977230382362
66 44.89617091049383 19.404874737519226 52.647135416666664 30.275942134916413 12.493007330246913 25.453639799344632
67 88.15297067901234 33.297847703714815 108.19613233024691 34.97905108415474 42.1099537037037 63.42761520078864
68 123.42910879629629 38.07160789659758 129.78337191358025 30.715155238340873 13.026813271604938 26.548068058194296
69 156.14482060185185 4.381928507039991 151.410831404321 4.062524496997626 1.4205729166666667 6.185996292815762
70 238.04282407407408 7.5657227478565545 220.96358989197532 15.027391897850972 151.5619212962963 48.88550557118651
71 236.26875964506172 5.3763151675630345 219.65345293209876 9.580302743359745 148.27845293209876 31.163161917942208
72 222.32518325617283 28.939767470844853 206.30820794753086 31.658473327073374 128.62085262345678 63.16722977161396
73 173.7525077160494 19.374295424264346 154.07426697530863 21.844908346839336 22.048466435185187 44.39079242721822
74 148.46465084876544 37.67079552271308 137.20780285493828 19.093297042951747 10.102189429012345 19.125873029123817
75 57.37268518518518 26.767829209676428 87.62311921296296 41.30461900035335 38.588493441358025 36.961905605349784
76 48.14313271604938 24.73258520134208 63.40055941358025 37.0837279899351 21.952498070987655 34.38914426357848
77 81.9834587191358 26.13037975349677 103.08979552469135 27.515682608054682 22.799238040123456 22.888047394650393
78 140.83728780864197 28.052697710146333 147.4720775462963 20.205586192737137 30.08347800925926 21.699430466705266
79 173.06626157407408 24.428687073821713 168.59360532407408 24.14893817324378 49.02488425925926 60.507990190681475
80 234.20476466049382 5.370406850163374 212.805362654321 10.646180875299626 122.97236689814815 34.17752422209386
81 230.7064525462963 1.5504967445208588 210.25279706790124 1.5034816488358422 120.15461033950618 3.108104940623812
82 232.88628472222223 10.32594722626233 220.0736400462963 16.90957613393647 161.7835648148148 50.328729668439614
83 185.40350115740742 49.17440151503885 176.59490740740742 42.22217951742056 76.04697145061728 88.42524705988964
84 87.52483603395062 65.64921261498648 106.64834104938272 54.71336368253864 39.278067129629626 38.31585165548372
85 42.54952739197531 29.89184717857566 68.35990547839506 44.47859637580844 27.487220293209877 36.705926880554216
86 30.24194637345679 17.9030460110557 39.824122299382715 26.134107756981905 12.925106095679013 18.90769678650373
87 54.14158950617284 23.61595976891077 65.8098476080247 29.74392966157796 9.296440972222221 15.788390737703557
88 92.45881558641975 31.745683601095767 108.5673225308642 29.638609041545358 17.161988811728396 27.92554177572012
89 132.9669174382716 45.42033693617825 144.67640817901236 38.29517695069748 47.654947916666664 57.71083200581866
90 234.2574749228395 4.202349186550909 212.52314814814815 8.295286086809837 122.53747106481481 26.63587712252043
91 230.22294560185185 1.7627719900378367 209.26036844135803 1.4301723931496833 117.42785493827161 2.964831079641469
92 209.8202160493827 40.58442047691635 195.61173804012347 35.43594457834885 113.52416087962963 47.82020276823605
93 98.45563271604938 84.25458805729544 117.31230709876543 77.84240541001256 81.31413966049382 92.18154110638287
94 42.88903356481482 36.894541057314946 74.35537229938272 50.61991870814837 38.89086612654321 47.84391015691765
95 42.379243827160494 37.14761622150955 64.2524112654321 46.39149032097614 31.954427083333332 42.45447358105287
96 33.18566743827161 30.058645081152587 49.01403356481482 42.939221709371374 25.765576774691358 36.84628607716779
97 41.406587577160494 22.581175434325967 52.40133101851852 29.832694912266575 12.563030478395062 18.07653644661291
98 80.5089699074074 18.08832273984399 102.23331404320987 20.136708726171634 13.19434799382716 18.230502302372923
99 91.14973958333333 19.05387259052681 115.84413580246914 21.501146438571208 14.55150462962963 20.49785561778316
